Profile 1;Profile 1;
x;y;
[m];[m];
0;6.4805768e-09;
4.0634216e-09;5.8630914e-09;
8.1268433e-09;5.9547081e-09;
1.2190265e-08;6.851541e-09;
1.6253687e-08;8.4854184e-09;
2.0317108e-08;8.604174e-09;
2.438053e-08;9.0921134e-09;
2.8443952e-08;9.3083193e-09;
3.2507373e-08;9.2707553e-09;
3.6570795e-08;8.9738304e-09;
4.0634216e-08;8.790885e-09;
4.4697638e-08;8.520466e-09;
4.876106e-08;8.3860648e-09;
5.2824481e-08;8.5610483e-09;
5.6887903e-08;8.9731861e-09;
6.0951325e-08;8.6753637e-09;
6.5014746e-08;8.2069096e-09;
6.9078168e-08;7.7736907e-09;
7.314159e-08;7.1949099e-09;
7.7205011e-08;7.1731829e-09;
8.1268433e-08;7.3372663e-09;
8.5331855e-08;7.1871907e-09;
8.9395276e-08;7.580284e-09;
9.3458698e-08;7.7968538e-09;
9.752212e-08;7.4004461e-09;
1.0158554e-07;6.6489519e-09;
1.0564896e-07;6.2161336e-09;
1.0971238e-07;7.1186079e-09;
1.1377581e-07;8.8304375e-09;
1.1783923e-07;8.5741251e-09;
1.2190265e-07;9.0618322e-09;
1.2596607e-07;8.9981828e-09;
1.3002949e-07;9.1930552e-09;
1.3409291e-07;9.2274663e-09;
1.3815634e-07;9.3270123e-09;
1.4221976e-07;9.3510606e-09;
1.4628318e-07;9.3751914e-09;
1.503466e-07;9.2291182e-09;
1.5441002e-07;9.0612496e-09;
1.5847344e-07;9.0816545e-09;
1.6253687e-07;9.1845963e-09;
1.6660029e-07;9.1464913e-09;
1.7066371e-07;9.0174738e-09;
1.7472713e-07;9.0861453e-09;
1.7879055e-07;9.115533e-09;
1.8285397e-07;8.8703836e-09;
1.869174e-07;8.3056266e-09;
1.9098082e-07;7.7264608e-09;
1.9504424e-07;7.3827083e-09;
1.9910766e-07;6.9756851e-09;
2.0317108e-07;6.7530567e-09;
2.072345e-07;7.3016098e-09;
2.1129793e-07;9.187495e-09;
2.1536135e-07;9.0010136e-09;
2.1942477e-07;8.8271009e-09;
2.2348819e-07;8.9643154e-09;
2.2755161e-07;9.2219565e-09;
2.3161503e-07;9.1734195e-09;
2.3567846e-07;9.3521934e-09;
2.3974188e-07;9.3678927e-09;
2.438053e-07;9.0774173e-09;
2.4786872e-07;9.2294787e-09;
2.5193214e-07;9.2824408e-09;
2.5599556e-07;9.2164981e-09;
2.6005899e-07;9.0244384e-09;
2.6412241e-07;9.0563507e-09;
2.6818583e-07;9.0519942e-09;
2.7224925e-07;8.668949e-09;
2.7631267e-07;8.0503865e-09;
2.8037609e-07;7.2190394e-09;
2.8443952e-07;6.7821919e-09;
2.8850294e-07;6.8616392e-09;
