0.0800000     3.08000e-005
0.000000     2.82000e-005
0.000000     2.70000e-005
0.000000     2.89000e-005
0.000000     2.96000e-005
0.000000     2.94000e-005
0.000000     3.05000e-005
0.000000     3.24000e-005
0.0300000     3.47000e-005
0.0500000     3.67000e-005
0.0700000     4.01000e-005
0.100000     4.22000e-005
0.110000     4.64000e-005
0.130000     4.99000e-005
0.170000     5.16000e-005
0.190000     5.61000e-005
0.190000     5.93000e-005
0.230000     6.40000e-005
0.250000     6.79000e-005
0.270000     7.31000e-005
0.300000     7.66000e-005
0.320000     8.41000e-005
0.350000     8.95000e-005
0.370000     9.37000e-005
0.380000     0.000100200
0.420000     0.000106700
0.430000     0.000110300
0.450000     0.000118000
0.480000     0.000124700
0.500000     0.000129900
0.510000     0.000138100
0.550000     0.000145800
0.570000     0.000152300
0.590000     0.000159300
0.610000     0.000167300
0.630000     0.000175300
0.670000     0.000184600
0.680000     0.000193000
0.700000     0.000202800
0.730000     0.000211700
0.750000     0.000220800
0.770000     0.000229300
0.800000     0.000241100
0.810000     0.000251000
0.830000     0.000263200
0.860000     0.000274300
0.880000     0.000283500
0.900000     0.000295200
0.930000     0.000307800
0.940000     0.000319900
0.960000     0.000332500
1.00000     0.000344900
1.01000     0.000357100
1.05000     0.000368800
1.07000     0.000391000
1.08000     0.000402700
1.09000     0.000415800
1.13000     0.000430700
1.15000     0.000446400
1.18000     0.000460900
1.20000     0.000474900
1.21000     0.000488500
1.25000     0.000504800
1.27000     0.000521200
1.28000     0.000534700
1.31000     0.000552100
1.33000     0.000568200
1.34000     0.000583900
1.38000     0.000601100
1.39000     0.000617100
1.43000     0.000633000
1.44000     0.000651700
1.46000     0.000669400
1.48000     0.000685500
1.51000     0.000703800
1.53000     0.000721700
1.56000     0.000738600
1.58000     0.000758200
1.60000     0.000775000
1.63000     0.000793500
1.65000     0.000812400
1.66000     0.000829700
1.69000     0.000848400
1.71000     0.000867100
1.72000     0.000885900
1.76000     0.000904600
1.77000     0.000931700
1.81000     0.000952300
1.82000     0.000969800
1.84000     0.000991000
1.88000     0.00100910
1.90000     0.00102940
1.91000     0.00104990
1.94000     0.00106840
1.96000     0.00108800
1.97000     0.00110670
2.01000     0.00112800
2.02000     0.00114760
2.04000     0.00116630
2.08000     0.00118570
2.09000     0.00120610
2.10000     0.00122710
2.14000     0.00124580
2.15000     0.00126640
2.19000     0.00128740
2.21000     0.00130710
2.22000     0.00132700
2.25000     0.00134630
2.28000     0.00136780
2.29000     0.00138680
2.32000     0.00140530
2.33000     0.00142770
2.35000     0.00144620
2.39000     0.00146830
2.40000     0.00148850
2.42000     0.00150900
2.46000     0.00152940
2.47000     0.00154860
2.49000     0.00157030
2.52000     0.00160160
2.54000     0.00161940
2.57000     0.00164070
2.59000     0.00166190
2.60000     0.00168200
2.63000     0.00170280
2.65000     0.00172110
2.67000     0.00174390
2.70000     0.00176290
2.72000     0.00178440
2.74000     0.00180490
2.77000     0.00182490
2.78000     0.00184570
2.82000     0.00186480
2.83000     0.00188720
2.85000     0.00190620
2.86000     0.00192720
2.91000     0.00194760
2.92000     0.00196630
2.95000     0.00198820
2.97000     0.00200760
2.98000     0.00202910
3.02000     0.00205000
3.04000     0.00207030
3.05000     0.00209040
3.08000     0.00210980
3.10000     0.00213040
3.12000     0.00214970
3.15000     0.00217170
3.16000     0.00219230
3.17000     0.00221210
3.21000     0.00223290
3.23000     0.00226430
3.26000     0.00228350
3.27000     0.00230420
3.30000     0.00232600
3.33000     0.00234470
3.35000     0.00236460
3.36000     0.00238370
3.40000     0.00240670
3.41000     0.00242560
3.42000     0.00244690
3.46000     0.00246770
3.48000     0.00248630
3.50000     0.00250790
3.53000     0.00252700
3.54000     0.00254850
3.56000     0.00256890
3.60000     0.00258780
3.61000     0.00260950
3.65000     0.00262800
3.67000     0.00264910
3.68000     0.00266840
3.71000     0.00268920
3.73000     0.00270980
3.73000     0.00273060
3.78000     0.00275030
3.79000     0.00277040
3.81000     0.00279020
3.84000     0.00280990
3.86000     0.00282920
3.87000     0.00285030
3.91000     0.00286950
3.93000     0.00288960
3.96000     0.00291970
3.97000     0.00293980
3.99000     0.00296010
4.02000     0.00297890
4.03000     0.00299950
4.05000     0.00301880
4.09000     0.00303750
4.11000     0.00306000
4.12000     0.00307920
4.15000     0.00309710
4.17000     0.00311660
4.19000     0.00313600
4.22000     0.00315820
4.24000     0.00317680
4.25000     0.00319690
4.29000     0.00321680
4.31000     0.00323480
4.32000     0.00325650
4.36000     0.00327590
4.37000     0.00329330
4.30000     0.00331500
4.41000     0.00333400
4.44000     0.00335470
4.47000     0.00337420
4.48000     0.00339310
4.50000     0.00341340
4.54000     0.00343070
4.55000     0.00345010
4.56000     0.00347120
4.60000     0.00348960
4.61000     0.00351840
4.63000     0.00353760
4.67000     0.00355790
4.68000     0.00357730
4.72000     0.00359570
4.73000     0.00361540
4.74000     0.00363460
4.77000     0.00365300
4.79000     0.00367170
4.81000     0.00369180
4.85000     0.00371240
4.86000     0.00372950
4.88000     0.00374860
4.91000     0.00376870
4.93000     0.00378720
4.95000     0.00380590
4.98000     0.00382410
4.99000     0.00384310
5.03000     0.00386180
5.04000     0.00388250
5.06000     0.00390190
5.10000     0.00392000
5.11000     0.00393840
5.12000     0.00395760
5.14000     0.00397610
5.18000     0.00399430
5.19000     0.00401530
5.23000     0.00403280
5.25000     0.00405150
5.26000     0.00407140
5.29000     0.00408940
5.31000     0.00410760
5.33000     0.00412630
5.36000     0.00415490
5.37000     0.00417190
5.39000     0.00419300
5.42000     0.00421010
5.44000     0.00422920
5.47000     0.00424670
5.49000     0.00426590
5.51000     0.00428550
5.54000     0.00430310
5.55000     0.00432150
5.57000     0.00434090
5.61000     0.00435900
5.62000     0.00437880
5.63000     0.00439540
5.67000     0.00441510
5.69000     0.00443300
5.71000     0.00445270
5.74000     0.00446950
5.75000     0.00448730
5.77000     0.00450720
5.81000     0.00452390
5.82000     0.00454380
5.85000     0.00456180
5.87000     0.00457930
5.88000     0.00459810
5.92000     0.00461580
5.93000     0.00463400
5.95000     0.00465140
5.98000     0.00467100
6.00000     0.00468880
6.02000     0.00470720
6.05000     0.00473300
6.07000     0.00475050
6.07000     0.00476940
6.11000     0.00478690
6.13000     0.00480590
6.15000     0.00482340
6.18000     0.00484100
6.20000     0.00485820
6.23000     0.00487760
6.25000     0.00489580
6.26000     0.00491320
6.30000     0.00493020
6.32000     0.00494850
6.33000     0.00496620
6.36000     0.00498490
6.38000     0.00500220
6.40000     0.00502050
6.43000     0.00503870
6.44000     0.00505670
6.48000     0.00507400
6.49000     0.00509200
6.51000     0.00510970
6.54000     0.00512850
6.56000     0.00514510
6.57000     0.00516300
6.59000     0.00518040
6.63000     0.00519810
6.65000     0.00521630
6.68000     0.00523360
6.69000     0.00525210
6.71000     0.00526820
6.74000     0.00528530
6.76000     0.00531200
6.78000     0.00533200
6.80000     0.00534750
6.83000     0.00536500
6.84000     0.00538260
6.87000     0.00540060
6.89000     0.00541930
6.91000     0.00543580
6.94000     0.00545340
6.96000     0.00547070
6.99000     0.00548820
7.00000     0.00550530
7.02000     0.00552300
7.05000     0.00553940
7.07000     0.00555690
7.08000     0.00557470
7.12000     0.00559250
7.14000     0.00560790
7.15000     0.00562700
7.19000     0.00564340
7.20000     0.00566030
7.24000     0.00567940
7.25000     0.00569600
7.27000     0.00571240
7.30000     0.00573030
7.32000     0.00574700
7.34000     0.00576540
7.37000     0.00578160
7.39000     0.00579930
7.40000     0.00581620
7.43000     0.00583410
7.45000     0.00585910
7.47000     0.00587550
7.50000     0.00589300
7.52000     0.00590920
7.53000     0.00592720
7.57000     0.00594330
7.58000     0.00596020
7.61000     0.00597720
7.63000     0.00599550
7.64000     0.00601150
7.68000     0.00602880
7.70000     0.00604520
7.71000     0.00606340
7.75000     0.00608050
7.76000     0.00609620
7.78000     0.00611370
7.81000     0.00612960
7.83000     0.00614670
7.85000     0.00616260
7.88000     0.00618030
7.89000     0.00619640
7.91000     0.00621440
7.95000     0.00622990
7.96000     0.00624760
7.99000     0.00626400
8.01000     0.00628060
8.02000     0.00629700
8.06000     0.00631270
8.07000     0.00633040
8.10000     0.00634610
8.12000     0.00636380
8.14000     0.00638840
8.15000     0.00640500
8.19000     0.00642250
8.21000     0.00643930
8.24000     0.00645340
8.25000     0.00646950
8.27000     0.00648770
8.29000     0.00650270
8.32000     0.00651840
8.34000     0.00653630
8.36000     0.00655200
8.39000     0.00656900
8.40000     0.00658570
8.44000     0.00660110
8.46000     0.00661880
8.48000     0.00663590
8.51000     0.00665090
8.52000     0.00666860
8.54000     0.00668450
8.57000     0.00670000
8.59000     0.00671720
8.60000     0.00673460
8.64000     0.00675040
8.65000     0.00676770
8.67000     0.00678250
8.71000     0.00679890
8.72000     0.00681480
8.74000     0.00683080
8.77000     0.00684810
8.79000     0.00686130
8.80000     0.00687740
8.84000     0.00690490
8.85000     0.00692010
8.88000     0.00693490
8.90000     0.00695150
8.91000     0.00696640
8.95000     0.00698310
8.97000     0.00699870
8.98000     0.00701460
9.01000     0.00703030
9.03000     0.00704620
9.05000     0.00706250
9.08000     0.00707980
9.09000     0.00709590
9.13000     0.00711140
9.15000     0.00712800
9.16000     0.00714320
9.19000     0.00715900
9.21000     0.00717560
9.23000     0.00719150
9.26000     0.00720740
9.28000     0.00722280
9.30000     0.00723870
9.33000     0.00725440
9.34000     0.00727050
9.36000     0.00728580
9.39000     0.00730280
9.41000     0.00731800
9.42000     0.00733360
9.46000     0.00734950
9.48000     0.00736480
9.49000     0.00738840
9.53000     0.00740470
9.54000     0.00741990
9.56000     0.00743540
9.59000     0.00745130
9.61000     0.00746720
9.64000     0.00748120
9.66000     0.00749750
9.67000     0.00751320
9.71000     0.00752810
9.72000     0.00754380
9.74000     0.00755900
9.77000     0.00757510
9.79000     0.00759010
9.82000     0.00760500
9.84000     0.00762030
9.86000     0.00763680
9.87000     0.00765220
9.90000     0.00766650
9.92000     0.00768120
9.95000     0.00769710
9.97000     0.00771170
9.99000     0.00772730
10.0200     0.00774370
10.0400     0.00775980
10.0600     0.00777410
10.0800     0.00779060
10.1000     0.00780560
10.1400     0.00782240
10.1500     0.00783690
10.1700     0.00785120
10.2000     0.00787270
10.2200     0.00788810
10.2300     0.00790420
10.2700     0.00792040
10.2800     0.00793560
10.3000     0.00795100
10.3400     0.00796590
10.3500     0.00798120
10.3700     0.00799540
10.4000     0.00801300
10.4200     0.00802770
10.4300     0.00804360
10.4700     0.00805710
10.4800     0.00806980
10.5100     0.00808660
10.5200     0.00810250
10.5500     0.00811650
10.5600     0.00813150
10.6000     0.00814740
10.6100     0.00816400
10.6400     0.00817940
10.6600     0.00819200
10.6700     0.00820700
10.7100     0.00822310
10.7300     0.00823990
10.7400     0.00825320
10.7800     0.00826820
10.7900     0.00828310
10.8100     0.00829810
10.8400     0.00832030
10.8600     0.00832870
10.8700     0.00835230
10.9100     0.00836590
10.9300     0.00838250
10.9600     0.00839800
10.9700     0.00841200
10.9900     0.00842620
11.0200     0.00844120
11.0300     0.00845570
11.0600     0.00847150
11.0900     0.00848610
11.1100     0.00850060
11.1200     0.00851530
11.1600     0.00852820
11.1700     0.00854590
11.2000     0.00856080
11.2200     0.00857510
11.2400     0.00858940
11.2700     0.00860500
11.2800     0.00861950
11.3000     0.00863400
11.3400     0.00864940
11.3500     0.00866470
11.3600     0.00867850
11.3000     0.00869380
11.4200     0.00870830
11.4400     0.00872400
11.4700     0.00873670
11.4800     0.00875230
11.5000     0.00877540
11.5400     0.00878270
11.5500     0.00880630
11.5800     0.00881910
11.6000     0.00883320
11.6100     0.00885020
11.6500     0.00886380
11.6600     0.00887900
11.6800     0.00889400
11.7100     0.00890780
11.7300     0.00892270
11.7500     0.00893760
11.7800     0.00895070
11.7900     0.00896810
11.8200     0.00897980
11.8500     0.00899520
11.8600     0.00900900
11.8800     0.00902510
11.9100     0.00903770
11.9200     0.00905360
11.9500     0.00906600
11.9800     0.00908350
12.0000     0.00909540
12.0100     0.00910970
12.0500     0.00912490
12.0600     0.00914120
12.0900     0.00915460
12.1100     0.00916960
12.1300     0.00918310
12.1600     0.00919780
12.1800     0.00921250
12.1900     0.00922640
12.2200     0.00924950
12.2500     0.00926350
12.2600     0.00928010
12.3000     0.00929300
12.3100     0.00930880
12.3200     0.00932170
12.3600     0.00933850
12.3700     0.00935030
12.4100     0.00936710
12.4300     0.00938200
12.4400     0.00939560
12.4700     0.00940940
12.4900     0.00942370
12.5100     0.00943910
12.5400     0.00945490
12.5600     0.00947010
12.5900     0.00948250
12.6000     0.00949840
12.6200     0.00951060
12.6400     0.00952790
12.6800     0.00954240
12.6900     0.00955550
12.7200     0.00957120
12.7400     0.00958470
12.7500     0.00960250
12.7700     0.00961650
12.8000     0.00963080
12.8200     0.00964590
12.8600     0.00966140
12.8700     0.00967590
12.8900     0.00969080
12.9200     0.00971530
12.9400     0.00972910
12.9600     0.00974370
12.9800     0.00975810
13.0000     0.00977120
13.0300     0.00978710
13.0500     0.00980190
13.0600     0.00981700
13.1000     0.00983080
13.1200     0.00984560
13.1300     0.00986260
13.1700     0.00987780
13.1800     0.00989320
13.2000     0.00990800
13.2300     0.00992270
13.2500     0.00993860
13.2600     0.00995290
13.3000     0.00996850
13.3100     0.00998210
13.3400     0.00999770
13.3700     0.0100124
13.3800     0.0100288
13.4000     0.0100421
13.4300     0.0100583
13.4500     0.0100728
13.4600     0.0100877
13.4900     0.0101010
13.5100     0.0101177
13.5500     0.0101303
13.5700     0.0101487
13.5800     0.0101712
13.6100     0.0101838
13.6300     0.0101999
13.6400     0.0102119
13.6800     0.0102294
13.6900     0.0102430
13.7200     0.0102570
13.7400     0.0102721
13.7600     0.0102862
13.7800     0.0103007
13.8100     0.0103166
13.8300     0.0103322
13.8600     0.0103476
13.8700     0.0103612
13.9000     0.0103757
13.9200     0.0103912
13.9400     0.0104058
13.9600     0.0104196
13.9900     0.0104370
14.0000     0.0104503
14.0200     0.0104662
14.0600     0.0104816
14.0700     0.0104952
14.0900     0.0105122
14.1200     0.0105281
14.1400     0.0105443
14.1600     0.0105580
14.1900     0.0105730
14.2000     0.0105887
14.2300     0.0106018
14.2500     0.0106232
14.2700     0.0106380
14.3000     0.0106544
14.3200     0.0106688
14.3300     0.0106824
14.3700     0.0106971
14.3900     0.0107135
14.4000     0.0107277
14.4300     0.0107432
14.4500     0.0107569
14.4700     0.0107724
14.5000     0.0107862
14.5100     0.0108030
14.5300     0.0108170
14.5700     0.0108310
14.5800     0.0108465
14.6100     0.0108587
14.6300     0.0108757
14.6400     0.0108906
14.6800     0.0109073
14.7000     0.0109182
14.7100     0.0109356
14.7500     0.0109498
14.7600     0.0109643
14.7800     0.0109783
14.8100     0.0109923
14.8200     0.0110104
14.8700     0.0110230
14.8800     0.0110386
14.8900     0.0110506
14.9300     0.0110730
14.9500     0.0110877
14.9600     0.0111022
15.0000     0.0111183
15.0100     0.0111331
15.0200     0.0111461
15.0600     0.0111623
15.1300     0.0257638
