0.000000     0.000223400
0.0100000     0.000217300
0.0100000     0.000218900
0.0200000     0.000230200
0.0400000     0.000239700
0.0700000     0.000251400
0.0900000     0.000264500
0.100000     0.000277400
0.140000     0.000290700
0.150000     0.000303300
0.170000     0.000318500
0.210000     0.000332300
0.220000     0.000347500
0.230000     0.000363600
0.270000     0.000380900
0.290000     0.000396900
0.300000     0.000415100
0.340000     0.000442200
0.350000     0.000460400
0.370000     0.000481400
0.400000     0.000502300
0.420000     0.000523100
0.450000     0.000545100
0.470000     0.000567900
0.480000     0.000593200
0.520000     0.000616300
0.540000     0.000641800
0.550000     0.000667100
0.580000     0.000693700
0.600000     0.000720400
0.610000     0.000748400
0.650000     0.000776900
0.670000     0.000806400
0.700000     0.000837300
0.720000     0.000867200
0.730000     0.000900100
0.750000     0.000932200
0.780000     0.000963500
0.800000     0.000997400
0.830000     0.00103150
0.850000     0.00106680
0.860000     0.00110180
0.900000     0.00113810
0.910000     0.00117390
0.930000     0.00121120
0.960000     0.00124870
0.980000     0.00128630
0.990000     0.00134430
1.03000     0.00138370
1.05000     0.00142280
1.06000     0.00146280
1.10000     0.00150530
1.11000     0.00154480
1.14000     0.00158710
1.17000     0.00162940
1.18000     0.00167150
1.21000     0.00171520
1.22000     0.00175770
1.24000     0.00180100
1.28000     0.00184560
1.29000     0.00188940
1.30000     0.00193450
1.34000     0.00198050
1.36000     0.00202400
1.37000     0.00207050
1.41000     0.00211510
1.42000     0.00216120
1.44000     0.00220700
1.48000     0.00225240
1.49000     0.00229980
1.51000     0.00234560
1.54000     0.00239260
1.56000     0.00243790
1.59000     0.00248610
1.60000     0.00253220
1.61000     0.00257990
1.65000     0.00262710
1.67000     0.00269830
1.69000     0.00274700
1.72000     0.00279310
1.74000     0.00284190
1.76000     0.00289000
1.79000     0.00293800
1.80000     0.00298660
1.84000     0.00303420
1.86000     0.00308330
1.86000     0.00313180
1.88000     0.00318040
1.92000     0.00322730
1.93000     0.00327660
1.97000     0.00332690
1.99000     0.00337460
1.99000     0.00342410
2.03000     0.00347160
2.05000     0.00352120
2.06000     0.00357000
2.10000     0.00361910
2.11000     0.00366870
2.13000     0.00371640
2.16000     0.00376680
2.18000     0.00381610
2.20000     0.00386570
2.23000     0.00391360
2.25000     0.00396440
2.28000     0.00401420
2.29000     0.00406190
2.31000     0.00411230
2.35000     0.00418620
2.36000     0.00421170
2.38000     0.00428490
2.41000     0.00433280
2.43000     0.00438320
2.44000     0.00443350
2.48000     0.00448020
2.50000     0.00452930
2.51000     0.00458010
2.54000     0.00462770
2.56000     0.00467710
2.59000     0.00472450
2.61000     0.00477360
2.63000     0.00482410
2.66000     0.00487110
2.67000     0.00492020
2.69000     0.00496900
2.72000     0.00501700
2.74000     0.00506700
2.75000     0.00511400
2.79000     0.00516240
2.81000     0.00521260
2.82000     0.00525870
2.86000     0.00530710
2.87000     0.00535660
2.91000     0.00540430
2.92000     0.00545260
2.94000     0.00550100
2.97000     0.00554870
2.98000     0.00559760
3.00000     0.00564480
3.03000     0.00569090
3.06000     0.00574090
3.06000     0.00581190
3.10000     0.00586220
3.12000     0.00590800
3.13000     0.00595540
3.17000     0.00600380
3.19000     0.00605040
3.20000     0.00609950
3.23000     0.00614650
3.25000     0.00619430
3.28000     0.00624140
3.30000     0.00628950
3.31000     0.00633690
3.35000     0.00638340
3.36000     0.00643050
3.38000     0.00647760
3.41000     0.00652420
3.44000     0.00656980
3.45000     0.00661840
3.48000     0.00666490
3.50000     0.00671330
3.51000     0.00675960
3.55000     0.00680860
3.57000     0.00685700
3.58000     0.00690260
3.61000     0.00695050
3.63000     0.00699800
3.66000     0.00704550
3.68000     0.00709200
3.70000     0.00714030
3.73000     0.00718680
3.75000     0.00723310
3.76000     0.00730650
3.80000     0.00735160
3.80000     0.00740030
3.82000     0.00744590
3.86000     0.00749150
3.87000     0.00753870
3.89000     0.00758380
3.92000     0.00763150
3.94000     0.00768100
3.97000     0.00772700
3.99000     0.00777170
4.01000     0.00781960
4.04000     0.00786540
4.06000     0.00791130
4.07000     0.00795640
4.10000     0.00800310
4.13000     0.00804780
4.14000     0.00809240
4.17000     0.00813870
4.18000     0.00818360
4.20000     0.00822920
4.24000     0.00827620
4.26000     0.00832030
4.27000     0.00836590
4.30000     0.00841050
4.31000     0.00845550
4.34000     0.00850100
4.37000     0.00854830
4.38000     0.00859400
4.42000     0.00863870
4.43000     0.00868400
4.45000     0.00872800
4.49000     0.00879700
4.50000     0.00884210
4.51000     0.00888970
4.55000     0.00893340
4.57000     0.00898050
4.58000     0.00902410
4.61000     0.00906900
4.63000     0.00910290
4.65000     0.00914130
4.68000     0.00918290
4.69000     0.00922750
4.73000     0.00926540
4.74000     0.00930820
4.76000     0.00935420
4.79000     0.00939670
4.81000     0.00944120
4.83000     0.00948610
4.86000     0.00952770
4.88000     0.00956900
4.90000     0.00961420
4.93000     0.00965500
4.95000     0.00969450
4.96000     0.00974460
4.99000     0.00978500
5.01000     0.00982850
5.03000     0.00987100
5.06000     0.00991430
5.07000     0.00995920
5.09000     0.0100041
5.12000     0.0100450
5.14000     0.0100886
5.18000     0.0101322
5.19000     0.0101980
5.20000     0.0102408
5.24000     0.0102834
5.26000     0.0103271
5.27000     0.0103731
5.31000     0.0104131
5.32000     0.0104564
5.34000     0.0104958
5.37000     0.0105400
5.39000     0.0105837
5.41000     0.0106274
5.44000     0.0106677
5.46000     0.0107125
5.48000     0.0107528
5.50000     0.0107960
5.52000     0.0108395
5.54000     0.0108823
5.57000     0.0109245
5.59000     0.0109687
5.62000     0.0110111
5.64000     0.0110527
5.65000     0.0110935
5.69000     0.0111394
5.70000     0.0111822
5.72000     0.0112247
5.75000     0.0112656
5.77000     0.0113117
5.79000     0.0113544
5.82000     0.0113981
5.83000     0.0114444
5.87000     0.0114841
5.88000     0.0115447
5.90000     0.0115863
5.93000     0.0116272
5.95000     0.0116676
5.96000     0.0117079
6.00000     0.0117516
6.02000     0.0117930
6.03000     0.0118353
6.06000     0.0118809
6.08000     0.0119197
6.10000     0.0119575
6.13000     0.0120014
6.15000     0.0120405
6.16000     0.0120821
6.20000     0.0121226
6.21000     0.0121637
6.23000     0.0122058
6.26000     0.0122434
6.28000     0.0122854
6.31000     0.0123276
6.33000     0.0123708
6.34000     0.0124080
6.38000     0.0124510
6.40000     0.0124902
6.41000     0.0125293
6.45000     0.0125713
6.46000     0.0126164
6.49000     0.0126564
6.51000     0.0126945
6.52000     0.0127357
6.54000     0.0127759
6.58000     0.0128345
6.59000     0.0128720
6.62000     0.0129142
6.65000     0.0129521
6.66000     0.0129958
6.69000     0.0130341
6.70000     0.0130779
6.73000     0.0131172
6.76000     0.0131576
6.77000     0.0131978
6.78000     0.0132378
6.82000     0.0132749
6.84000     0.0133156
6.85000     0.0133539
6.89000     0.0133949
6.90000     0.0134327
6.93000     0.0134739
6.95000     0.0135136
6.97000     0.0135547
6.98000     0.0135963
7.02000     0.0136324
7.03000     0.0136716
7.07000     0.0137132
7.08000     0.0137537
7.10000     0.0137897
7.14000     0.0138329
7.15000     0.0138693
7.16000     0.0139065
7.20000     0.0139462
7.22000     0.0139822
7.23000     0.0140243
7.27000     0.0140627
7.28000     0.0141234
7.31000     0.0141615
7.34000     0.0142018
7.35000     0.0142448
7.38000     0.0142817
7.39000     0.0143179
7.41000     0.0143586
7.45000     0.0143965
7.46000     0.0144322
7.47000     0.0144752
7.51000     0.0145073
7.52000     0.0145465
7.55000     0.0145900
7.58000     0.0146272
7.59000     0.0146651
7.61000     0.0147048
7.65000     0.0147443
7.66000     0.0147836
7.69000     0.0148226
7.71000     0.0148623
7.73000     0.0148993
7.76000     0.0149381
7.77000     0.0149725
7.79000     0.0150077
7.83000     0.0150444
7.84000     0.0150833
7.86000     0.0151228
7.89000     0.0151604
7.91000     0.0151989
7.92000     0.0152380
7.96000     0.0152761
7.97000     0.0153125
7.98000     0.0153460
8.03000     0.0154030
8.04000     0.0154451
8.07000     0.0154773
8.09000     0.0155187
8.11000     0.0155573
8.14000     0.0155947
8.15000     0.0156284
8.17000     0.0156695
8.20000     0.0157074
8.21000     0.0157457
8.24000     0.0157854
8.27000     0.0158214
8.29000     0.0158625
8.30000     0.0158972
8.33000     0.0159292
8.35000     0.0159633
8.39000     0.0160005
8.40000     0.0160369
8.41000     0.0160750
8.45000     0.0161049
8.47000     0.0161440
8.47000     0.0161781
8.51000     0.0162146
8.53000     0.0162476
8.55000     0.0162838
8.58000     0.0163198
8.60000     0.0163504
8.61000     0.0163894
8.65000     0.0164210
8.66000     0.0164596
8.69000     0.0164932
8.71000     0.0165308
8.73000     0.0165844
8.74000     0.0166208
8.78000     0.0166566
8.79000     0.0166938
8.83000     0.0167284
8.84000     0.0167676
8.85000     0.0168037
8.83000     0.0168383
8.90000     0.0168724
8.92000     0.0169079
8.96000     0.0169432
8.97000     0.0169782
8.99000     0.0170121
9.02000     0.0170456
9.04000     0.0170811
9.06000     0.0171180
9.09000     0.0171510
9.11000     0.0171877
9.14000     0.0172206
9.16000     0.0172571
9.17000     0.0172941
9.20000     0.0173265
9.22000     0.0173626
9.24000     0.0173937
9.27000     0.0174315
9.29000     0.0174659
9.30000     0.0175009
9.34000     0.0175392
9.36000     0.0175722
9.36000     0.0176070
9.40000     0.0176442
9.42000     0.0176772
9.45000     0.0177139
9.46000     0.0177435
9.48000     0.0177990
9.52000     0.0178352
9.53000     0.0178721
9.56000     0.0179081
9.58000     0.0179423
9.60000     0.0179743
9.62000     0.0180117
9.65000     0.0180479
9.66000     0.0180839
9.68000     0.0181122
9.71000     0.0181510
9.73000     0.0181860
9.75000     0.0182150
9.78000     0.0182527
9.80000     0.0182873
9.83000     0.0183200
9.84000     0.0183604
9.86000     0.0183904
9.88000     0.0184268
9.92000     0.0184593
9.93000     0.0184935
9.96000     0.0185255
9.98000     0.0185587
10.0000     0.0185911
10.0300     0.0186258
10.0400     0.0186590
10.0600     0.0186930
10.0900     0.0187256
10.1100     0.0187634
10.1200     0.0187976
10.1700     0.0188270
10.1700     0.0188586
10.2100     0.0188939
10.2200     0.0189252
10.2400     0.0189771
10.2700     0.0190067
10.2900     0.0190362
10.3100     0.0190741
10.3400     0.0191091
10.3600     0.0191391
10.3700     0.0191688
10.4000     0.0192073
10.4200     0.0192393
10.4500     0.0192733
10.4700     0.0193080
10.4800     0.0193448
10.5000     0.0193773
10.5400     0.0194137
10.5500     0.0194430
10.5800     0.0194792
10.6000     0.0195089
10.6200     0.0195372
10.6500     0.0195713
10.6700     0.0195993
10.6900     0.0196295
10.7200     0.0196636
10.7400     0.0196952
10.7400     0.0197256
10.7800     0.0197590
10.8000     0.0197908
10.8300     0.0198268
10.8500     0.0198613
10.8600     0.0198976
10.8800     0.0199249
10.9100     0.0199551
10.9300     0.0199852
10.9400     0.0200213
10.9800     0.0200551
10.9900     0.0201038
11.0300     0.0201318
11.0500     0.0201652
11.0600     0.0201993
11.1000     0.0202300
11.1100     0.0202625
11.1300     0.0202915
11.1600     0.0203221
11.1800     0.0203543
11.1900     0.0203845
11.2300     0.0204181
11.2400     0.0204459
11.2700     0.0204780
11.2900     0.0205088
11.3100     0.0205414
11.3400     0.0205733
11.3600     0.0206007
11.3700     0.0206315
11.4100     0.0206612
11.4200     0.0206839
11.4400     0.0207131
11.4700     0.0207515
11.4800     0.0207859
11.5100     0.0208162
11.5400     0.0208464
11.5500     0.0208812
11.5700     0.0209111
11.6100     0.0209396
11.6200     0.0209742
11.6500     0.0210070
11.6700     0.0210364
11.6900     0.0210692
11.7200     0.0211012
11.7400     0.0211297
11.7400     0.0211820
11.7800     0.0212099
11.8000     0.0212375
11.8100     0.0212671
11.8500     0.0212999
11.8700     0.0213340
11.8800     0.0213646
11.9200     0.0213950
11.9300     0.0214254
11.9600     0.0214528
11.9800     0.0214854
12.0000     0.0215144
12.0100     0.0215429
12.0500     0.0215719
12.0600     0.0215946
12.1000     0.0216220
12.1200     0.0216533
12.1200     0.0216842
12.1600     0.0217132
12.1800     0.0217447
12.2000     0.0217700
12.2300     0.0218026
12.2500     0.0218356
12.2600     0.0218639
12.3000     0.0218926
12.3100     0.0219202
12.3400     0.0219480
12.3500     0.0219773
12.3700     0.0220037
12.3900     0.0220378
12.4300     0.0220691
12.4400     0.0220969
12.4700     0.0221288
12.4900     0.0221634
12.5000     0.0222038
12.5400     0.0222335
12.5600     0.0222662
12.5700     0.0222991
12.6100     0.0223298
12.6200     0.0223611
12.6600     0.0223903
12.6700     0.0224237
12.6900     0.0224565
12.7200     0.0224873
12.7400     0.0225180
12.7500     0.0225427
12.7700     0.0225708
12.8000     0.0226101
12.8200     0.0226421
12.8500     0.0226757
12.8700     0.0227071
12.8900     0.0227328
12.9200     0.0227617
12.9400     0.0227830
12.9600     0.0228033
12.9800     0.0228525
13.0000     0.0228875
13.0100     0.0229177
13.0500     0.0229530
13.0700     0.0229852
13.0800     0.0230163
13.1100     0.0230451
13.1300     0.0230778
13.1700     0.0231081
13.1900     0.0231392
13.1900     0.0231657
13.2300     0.0231970
13.2500     0.0232449
13.2600     0.0232493
13.3000     0.0232973
13.3100     0.0233256
13.3300     0.0233534
13.3600     0.0233859
13.3700     0.0234130
13.4000     0.0234466
13.4300     0.0234705
13.4400     0.0235079
13.4800     0.0235317
13.4900     0.0235439
13.5100     0.0235728
13.5400     0.0235829
13.5600     0.0236154
13.5700     0.0236610
13.6100     0.0237035
13.6300     0.0237348
13.6500     0.0237620
13.6700     0.0237944
13.6900     0.0238277
13.7000     0.0238581
13.7400     0.0238905
13.7500     0.0239200
13.7900     0.0239544
13.8000     0.0239843
13.8200     0.0240142
13.8600     0.0240446
13.8700     0.0240783
13.8900     0.0240976
13.9200     0.0241007
13.9400     0.0241334
13.9500     0.0241766
13.9900     0.0242229
14.0000     0.0242503
14.0200     0.0242664
14.0600     0.0242993
14.0700     0.0243190
14.0800     0.0243435
14.1200     0.0243791
14.1300     0.0244108
14.1700     0.0244368
14.1800     0.0244613
14.2000     0.0244880
14.2400     0.0245177
14.2500     0.0245453
14.2700     0.0245775
14.3000     0.0246044
14.3100     0.0246355
14.3400     0.0246652
14.3700     0.0246928
14.3800     0.0247257
14.4000     0.0247545
14.4300     0.0247835
14.4500     0.0248195
14.4600     0.0248482
14.5000     0.0248756
14.5100     0.0248989
14.5500     0.0249316
14.5600     0.0249600
14.5800     0.0249910
14.6100     0.0250198
14.6300     0.0250486
14.6500     0.0250838
14.6800     0.0251138
14.6900     0.0251413
14.7100     0.0251883
14.7400     0.0252166
14.7600     0.0252479
14.7800     0.0252699
14.8100     0.0253038
14.8200     0.0253305
14.8500     0.0253578
14.8700     0.0253859
14.8900     0.0254157
14.9000     0.0254492
14.9400     0.0254794
14.9600     0.0255048
14.9900     0.0255355
15.0100     0.0255665
15.0200     0.0256000
15.0600     0.0256332
15.0700     0.0256657
15.0800     0.0256951
15.1200     0.0257297
15.1300     0.0257638
15.1700     0.0257886
15.1900     0.0258188
15.2000     0.0258505
15.2400     0.0258770
15.2500     0.0259039
15.2700     0.0259338
15.3000     0.0259574
15.3200     0.0259941
0.000000     0.000000
