10.0200     4.30000e-005
10.0400     4.43000e-005
10.0600     4.51000e-005
10.0800     4.55000e-005
10.1100     4.57000e-005
10.1300     4.50000e-005
10.1400     4.64000e-005
10.1800     4.71000e-005
10.1900     4.72000e-005
10.2300     4.69000e-005
10.2500     4.81000e-005
10.2600     4.93000e-005
10.3000     4.86000e-005
10.3200     4.92000e-005
10.3300     4.93000e-005
10.3700     5.02000e-005
10.3900     4.97000e-005
10.4000     5.13000e-005
10.4400     5.09000e-005
10.4500     5.11000e-005
10.4700     5.16000e-005
10.5000     5.25000e-005
10.5100     5.30000e-005
10.5300     5.34000e-005
10.5700     5.37000e-005
10.5900     5.46000e-005
10.6200     5.30000e-005
10.6400     5.42000e-005
10.6500     5.56000e-005
10.6900     5.65000e-005
10.7100     5.70000e-005
10.7300     5.67000e-005
10.7600     5.60000e-005
10.7700     5.81000e-005
10.7900     5.81000e-005
10.8300     5.81000e-005
10.8400     5.82000e-005
10.8600     5.84000e-005
10.9000     5.98000e-005
10.9100     5.98000e-005
10.9500     6.03000e-005
10.9600     6.05000e-005
10.9800     6.14000e-005
11.0000     6.14000e-005
11.0300     6.23000e-005
11.0500     6.21000e-005
11.0800     6.28000e-005
11.0900     6.24000e-005
11.1100     6.24000e-005
11.1500     6.38000e-005
11.1600     6.47000e-005
11.1800     6.59000e-005
11.2200     6.56000e-005
11.2300     6.59000e-005
11.2500     6.66000e-005
11.2800     6.65000e-005
11.3000     6.84000e-005
11.3300     6.73000e-005
11.3500     6.91000e-005
11.3700     6.80000e-005
11.4000     6.94000e-005
11.4200     6.96000e-005
11.4400     6.94000e-005
11.4700     7.10000e-005
11.4900     7.07000e-005
11.5000     7.10000e-005
11.5400     7.17000e-005
11.5500     7.12000e-005
11.5900     7.26000e-005
11.6100     7.24000e-005
11.6200     7.29000e-005
11.6400     7.45000e-005
11.6700     7.33000e-005
11.6900     7.43000e-005
11.7200     7.52000e-005
11.7300     7.52000e-005
11.7500     7.47000e-005
11.7900     7.64000e-005
11.8100     7.66000e-005
11.8200     7.73000e-005
11.8600     7.69000e-005
11.8700     7.82000e-005
11.8900     7.76000e-005
11.9300     7.85000e-005
11.9400     7.87000e-005
11.9600     7.94000e-005
11.9900     7.99000e-005
12.0000     8.03000e-005
12.0200     8.08000e-005
12.0600     8.08000e-005
12.0800     8.10000e-005
12.1100     8.22000e-005
12.1300     8.29000e-005
12.1400     8.31000e-005
12.1800     8.34000e-005
12.1900     8.43000e-005
12.2100     8.36000e-005
12.2400     8.50000e-005
12.2600     8.53000e-005
12.2800     8.57000e-005
12.3100     8.57000e-005
12.3300     8.71000e-005
12.3600     8.71000e-005
12.3800     8.73000e-005
12.3900     8.85000e-005
12.4300     8.95000e-005
12.4400     8.90000e-005
12.4600     8.97000e-005
12.4900     8.92000e-005
12.5100     8.95000e-005
12.5300     9.06000e-005
12.5600     9.04000e-005
12.5800     9.13000e-005
12.6000     9.16000e-005
12.6300     9.23000e-005
12.6400     9.27000e-005
12.6600     9.32000e-005
12.7000     9.30000e-005
12.7200     9.41000e-005
12.7300     9.49000e-005
12.7700     9.44000e-005
12.7800     9.56000e-005
12.8100     9.51000e-005
12.8300     9.62000e-005
12.8500     9.63000e-005
12.8800     9.63000e-005
12.9000     9.76000e-005
12.9200     9.91000e-005
12.9500     9.76000e-005
12.9700     9.86000e-005
12.9800     9.91000e-005
13.0200     9.93000e-005
13.0400     9.91000e-005
13.0500     0.000100400
13.0900     0.000101400
13.1000     0.000102300
13.1400     0.000102500
13.1500     0.000103000
13.1700     0.000103500
13.1900     0.000103700
13.2100     0.000104900
13.2400     0.000106000
13.2500     0.000104700
13.2900     0.000105600
13.3000     0.000106000
13.3400     0.000107000
13.3500     0.000107900
13.3800     0.000108900
13.4000     0.000109600
13.4100     0.000108900
13.4400     0.000109600
13.4700     0.000110700
13.4900     0.000110900
13.5100     0.000112100
13.5400     0.000112600
13.5600     0.000113100
13.5900     0.000113800
13.6100     0.000114700
13.6200     0.000115400
13.6600     0.000115600
13.6800     0.000115000
13.6800     0.000117100
13.7300     0.000116300
13.7400     0.000118000
13.7600     0.000118000
13.7900     0.000120100
13.8100     0.000120100
13.8200     0.000119400
13.8600     0.000120800
13.8700     0.000122200
13.8900     0.000122600
13.9200     0.000122000
13.9400     0.000123600
13.9700     0.000124300
13.9900     0.000125400
14.0100     0.000126400
14.0400     0.000126100
14.0600     0.000127500
14.0700     0.000127800
14.1100     0.000128300
14.1200     0.000129400
14.1500     0.000130200
14.1800     0.000131500
14.2000     0.000132000
14.2100     0.000131600
14.2500     0.000132500
14.2600     0.000134300
14.2900     0.000135000
14.3100     0.000135700
14.3400     0.000136400
14.3600     0.000136400
14.3700     0.000136200
14.3900     0.000138300
14.4300     0.000138500
14.4400     0.000139700
14.4500     0.000139700
14.5000     0.000140700
14.5100     0.000142000
14.5300     0.000141800
14.5600     0.000142800
14.5800     0.000142500
14.5900     0.000144900
14.6300     0.000145100
14.6500     0.000146300
14.6600     0.000146500
14.6900     0.000147900
14.7100     0.000150300
14.7400     0.000148600
14.7700     0.000150000
14.7800     0.000151600
14.8100     0.000152100
14.8300     0.000152100
14.8400     0.000154400
14.8800     0.000154700
14.9000     0.000155100
14.9100     0.000156600
14.9500     0.000156600
14.9700     0.000158700
15.0000     0.000159600
15.0200     0.000159600
15.0200     0.000160800
15.0600     0.000162900
15.0800     0.000163300
15.1000     0.000163800
15.1300     0.000164700
15.1500     0.000165600
15.1600     0.000167300
15.2000     0.000167500
15.2200     0.000169400
15.2300     0.000170300
15.2700     0.000171300
15.2800     0.000170600
15.3000     0.000174300
15.3300     0.000174300
15.3500     0.000176400
15.3600     0.000177100
15.4000     0.000179400
15.4200     0.000180900
15.4500     0.000182200
15.4700     0.000182300
15.4800     0.000185500
15.5100     0.000185500
15.5300     0.000187200
15.5500     0.000187900
15.5800     0.000190400
15.6000     0.000190700
15.6100     0.000192100
15.6500     0.000194000
15.6600     0.000194700
15.6800     0.000196700
15.7100     0.000197000
15.7300     0.000198400
15.7500     0.000201600
15.7900     0.000201700
15.8000     0.000203100
15.8400     0.000204500
15.8500     0.000205400
15.8600     0.000207300
15.9000     0.000208200
15.9100     0.000211000
15.9300     0.000212600
15.9700     0.000213400
15.9900     0.000214500
16.0100     0.000216100
16.0400     0.000218500
16.0500     0.000218300
16.0700     0.000221100
16.1000     0.000222000
16.1200     0.000224300
16.1500     0.000225800
16.1700     0.000226500
16.1900     0.000229200
16.2200     0.000230200
16.2400     0.000231400
16.2600     0.000233200
16.2900     0.000233700
16.3000     0.000236900
16.3200     0.000237000
16.3600     0.000239700
16.3700     0.000241600
16.3900     0.000243300
16.4200     0.000244700
16.4400     0.000245100
16.4700     0.000247700
16.4800     0.000249300
16.5000     0.000251500
16.5300     0.000252900
16.5500     0.000255600
16.5700     0.000257300
16.5900     0.000257300
16.6200     0.000261000
16.6400     0.000262000
16.6700     0.000263600
16.6900     0.000266600
16.7000     0.000268100
16.7400     0.000270100
16.7600     0.000270900
16.7900     0.000274600
16.8100     0.000276700
16.8200     0.000278800
16.8600     0.000280900
16.8700     0.000283900
16.8800     0.000285800
16.9200     0.000287700
16.9400     0.000290900
16.9500     0.000293100
16.9900     0.000295800
17.0100     0.000297200
17.0200     0.000301000
17.0600     0.000302000
17.0700     0.000306100
17.0800     0.000307800
17.1300     0.000313100
17.1400     0.000315300
17.1600     0.000316900
17.1900     0.000321800
17.2100     0.000325500
17.2400     0.000779200
17.2600     0.000779700
17.2800     0.000780000
17.3100     0.000781900
17.3300     0.000782500
17.3400     0.000785100
17.3800     0.000787400
17.3900     0.000789800
17.4100     0.000791900
17.4400     0.000796500
17.4500     0.000800000
17.4700     0.000802200
17.5100     0.000807500
17.5200     0.000809900
17.5600     0.000813100
17.5700     0.000818000
17.5900     0.000820700
17.6300     0.000822700
17.6500     0.000827900
17.6600     0.000830900
17.6900     0.000833000
17.7100     0.000838000
17.7300     0.000841500
17.7600     0.000844200
17.7800     0.000848700
17.7900     0.000851900
17.8300     0.000855500
17.8400     0.000858700
17.8600     0.000862500
17.9000     0.000866400
17.9100     0.000869200
17.9200     0.000874200
17.9600     0.000876100
17.9800     0.000879800
17.9900     0.000883100
18.0300     0.000887900
18.0500     0.000891000
18.0800     0.000894300
18.1000     0.000897600
18.1100     0.000900100
18.1500     0.000905200
18.1600     0.000908300
18.1800     0.000912700
18.2100     0.000916900
18.2400     0.000921200
18.2500     0.000923700
18.2900     0.000927700
18.3000     0.000931400
18.3300     0.000935000
18.3400     0.000937800
18.3600     0.000941500
18.4000     0.000944100
18.4200     0.000947300
18.4300     0.000951500
18.4700     0.000953600
18.4800     0.000958600
18.5000     0.000958800
18.5300     0.000964600
18.5400     0.000966900
18.5600     0.000969100
18.6000     0.000975200
18.6100     0.000976300
18.6300     0.000981000
18.6700     0.000985000
18.6800     0.000987100
18.7200     0.000990100
18.7300     0.000995000
18.7500     0.000997400
18.7800     0.00100160
18.8000     0.00100460
18.8100     0.00100760
18.8500     0.00101300
18.8700     0.00101560
18.8900     0.00101960
18.9200     0.00102500
18.9400     0.00103010
18.9700     0.00103270
18.9900     0.00103760
19.0100     0.00104180
19.0300     0.00104320
19.0600     0.00104860
19.0700     0.00105160
19.1100     0.00105630
19.1200     0.00106050
19.1300     0.00106380
19.1700     0.00106930
19.1800     0.00107290
19.2100     0.00125280
19.2400     0.00125910
19.2600     0.00126240
19.2600     0.00126950
19.3100     0.00127480
19.3200     0.00128020
19.3300     0.00128540
19.3700     0.00129140
19.3900     0.00129590
19.4100     0.00130190
19.4400     0.00130680
19.4500     0.00131250
19.4900     0.00131900
19.5000     0.00132340
19.5300     0.00132880
19.5600     0.00133670
19.5800     0.00134240
19.5900     0.00134780
19.6300     0.00135410
19.6500     0.00135870
19.6500     0.00136530
19.6900     0.00136990
19.7100     0.00137630
19.7400     0.00138170
19.7600     0.00138890
19.7700     0.00139380
19.8000     0.00139990
19.8300     0.00140520
19.8400     0.00141250
19.8800     0.00141690
19.8900     0.00142330
19.9100     0.00142740
19.9400     0.00143350
19.9600     0.00143780
19.9800     0.00144470
20.0000     0.00144890
20.0200     0.00145690
20.0400     0.00146000
20.0800     0.00146580
20.0900     0.00147120
20.1300     0.00147860
20.1500     0.00148470
20.1600     0.00148850
20.1900     0.00149570
20.2100     0.00149990
20.2300     0.00150580
20.2600     0.00151050
20.2800     0.00151600
20.2900     0.00152510
20.3300     0.00153200
20.3500     0.00153690
20.3600     0.00154130
20.4000     0.00154850
20.4100     0.00155350
20.4300     0.00155980
20.4600     0.00156400
20.4800     0.00157030
20.5000     0.00157540
20.5300     0.00158120
20.5500     0.00158590
20.5800     0.00159790
20.6000     0.00160160
20.6100     0.00160350
20.6500     0.00160790
20.6600     0.00162030
20.6800     0.00162400
20.7200     0.00162730
20.7300     0.00162970
20.7600     0.00163310
20.7800     0.00163760
20.8000     0.00164320
20.8200     0.00164740
20.8500     0.00165390
20.8700     0.00165790
20.9000     0.00166350
20.9200     0.00166980
20.9400     0.00167430
20.9700     0.00167920
20.9900     0.00168340
21.0000     0.00169000
21.0400     0.00169700
21.0600     0.00170260
21.0700     0.00170730
21.1100     0.00171290
21.1300     0.00171900
21.1400     0.00172220
21.1700     0.00172710
21.1900     0.00173250
21.2200     0.00173830
21.2500     0.00174160
21.2600     0.00174750
21.2800     0.00175220
21.3100     0.00175730
21.3300     0.00176290
21.3400     0.00176870
21.3800     0.00177160
21.3900     0.00177760
21.4300     0.00178230
21.4500     0.00178790
21.4600     0.00179300
21.5000     0.00179770
21.5100     0.00180280
21.5300     0.00180680
21.5600     0.00181270
21.5800     0.00181760
21.6000     0.00182220
21.6300     0.00182740
21.6500     0.00183330
21.6600     0.00183880
21.7000     0.00184420
21.7100     0.00185010
21.7500     0.00184160
21.7700     0.00185360
21.7800     0.00198260
21.8200     0.00185540
21.8400     0.00190250
21.8600     0.00192490
21.8900     0.00191440
21.9100     0.00186900
21.9300     0.00186860
21.9500     0.00187300
21.9800     0.00191410
22.0000     0.00196410
22.0200     0.00193310
22.0400     0.00196160
22.0700     0.00195360
22.0800     0.00196040
22.1000     0.00196350
22.1400     0.00199870
22.1600     0.00198380
22.1800     0.00199060
22.2000     0.00196930
22.2300     0.00197400
22.2400     0.00197700
22.2700     0.00201330
22.3000     0.00200460
22.3100     0.00201110
22.3400     0.00202260
22.3600     0.00204170
22.3900     0.00203220
22.4100     0.00203830
22.4200     0.00204290
22.4600     0.00205690
22.4800     0.00206560
22.4900     0.00207240
22.5200     0.00207920
22.5500     0.00208380
22.5600     0.00208780
22.6000     0.00209390
22.6100     0.00209930
22.6300     0.00210770
22.6600     0.00211170
22.6800     0.00211590
22.6900     0.00212240
22.7300     0.00212610
22.7500     0.00213200
22.7600     0.00213600
22.7900     0.00214390
22.8100     0.00214790
22.8300     0.00215400
22.8700     0.00215910
22.8800     0.00216360
22.9200     0.00216820
22.9300     0.00217240
22.9500     0.00217750
22.9900     0.00218040
23.0100     0.00218510
23.0200     0.00218810
23.0500     0.00219020
23.0700     0.00219480
23.0800     0.00219620
23.1200     0.00220020
23.1400     0.00220400
23.1700     0.00220790
23.1800     0.00220790
23.2000     0.00221140
23.2400     0.00221890
23.2600     0.00222030
23.2700     0.00222340
23.3000     0.00222480
23.3100     0.00222830
23.3300     0.00222950
23.3600     0.00223300
23.3800     0.00223440
23.4000     0.00223650
23.4300     0.00223840
23.4500     0.00224050
23.4800     0.00224320
23.5000     0.00224580
23.5100     0.00224650
23.5400     0.00224960
23.5600     0.00225120
23.5800     0.00225470
23.6100     0.00225590
23.6300     0.00225820
23.6500     0.00226130
23.6800     0.00226260
23.7000     0.00226610
23.7100     0.00226730
23.7500     0.00226870
23.7600     0.00227060
23.7700     0.00227300
23.8100     0.00227580
23.8300     0.00227740
23.8600     0.00228020
23.8700     0.00228110
23.8900     0.00228300
23.9000     0.00228720
23.9400     0.00228880
23.9600     0.00229210
23.9300     0.00229400
24.0100     0.00229610
24.0300     0.00229930
24.0600     0.00230030
24.0800     0.00230260
24.0900     0.00230540
24.1200     0.00230840
24.1400     0.00230960
24.1700     0.00231110
24.1900     0.00231390
24.2000     0.00231600
24.2200     0.00231850
24.2600     0.00232090
24.2700     0.00232340
24.3100     0.00232700
24.3200     0.00232810
24.3400     0.00233040
24.3700     0.00233330
24.3800     0.00233490
24.4100     0.00233770
24.4400     0.00233930
24.4500     0.00234210
24.4700     0.00234450
24.5100     0.00234800
24.5200     0.00234870
24.5400     0.00235120
24.5700     0.00235290
24.5900     0.00235620
24.6000     0.00235730
24.6400     0.00235870
24.6600     0.00236380
24.6900     0.00236510
24.7000     0.00236740
24.7200     0.00236950
24.7500     0.00237250
24.7700     0.00237230
24.7900     0.00237530
24.8200     0.00237670
24.8400     0.00237840
24.8500     0.00238120
24.8900     0.00238280
24.9100     0.00238380
24.9200     0.00238660
24.9600     0.00238870
24.9700     0.00239190
24.0000     0.00239280
25.0200     0.00239540
25.0300     0.00239630
25.0700     0.00239910
25.0900     0.00240050
25.1000     0.00240390
25.1400     0.00240480
25.1600     0.00240800
25.1700     0.00240780
25.2000     0.00241090
25.2200     0.00241230
25.2300     0.00241500
25.2700     0.00241670
25.2900     0.00241900
25.3000     0.00242070
25.3300     0.00242000
25.3500     0.00242330
25.3300     0.00242670
25.4000     0.00242680
25.4200     0.00242890
25.4400     0.00243170
25.4700     0.00243310
25.4900     0.00243510
25.5200     0.00243470
25.5300     0.00243800
25.5500     0.00243790
25.5900     0.00244050
25.6000     0.00244170
25.6200     0.00244410
25.6500     0.00244590
25.6700     0.00244550
25.6900     0.00244780
25.7200     0.00244780
25.7300     0.00245030
25.7500     0.00245150
25.7800     0.00245250
25.8000     0.00245430
25.8300     0.00245530
25.8400     0.00245810
25.8700     0.00245970
25.9000     0.00246090
25.9200     0.00246060
25.9300     0.00246320
25.9700     0.00246440
25.9900     0.00246560
26.0100     0.00246860
26.0300     0.00246840
26.0400     0.00247050
26.0700     0.00247320
26.1000     0.00247230
26.1100     0.00247530
26.1500     0.00247750
26.1700     0.00247800
26.1800     0.00247890
26.2100     0.00248170
26.2300     0.00248120
26.2400     0.00248330
26.2800     0.00248630
26.3000     0.00248450
26.3200     0.00248660
26.3500     0.00248940
26.3700     0.00248840
26.3800     0.00249060
26.4200     0.00249340
26.4300     0.00249190
26.4700     0.00249500
26.4800     0.00249670
26.4900     0.00249620
26.5100     0.00249730
26.5500     0.00249760
26.5600     0.00250010
26.5900     0.00250270
26.6100     0.00250250
26.6200     0.00250430
26.6600     0.00250430
26.6800     0.00250580
26.7000     0.00250690
26.7300     0.00250860
26.7400     0.00251090
26.7600     0.00251070
26.7900     0.00251160
26.8100     0.00251280
26.8200     0.00251470
26.8600     0.00251600
26.8800     0.00251600
26.9100     0.00251740
26.9200     0.00251880
26.9400     0.00251910
26.9700     0.00252190
26.9900     0.00252210
27.0000     0.00252330
27.0400     0.00252170
27.0500     0.00252440
27.0700     0.00252380
27.1100     0.00252540
27.1300     0.00252590
27.1400     0.00252700
27.1700     0.00252720
27.1900     0.00252870
27.2200     0.00252890
27.2400     0.00253170
27.2600     0.00253100
27.2900     0.00253340
27.3100     0.00253340
27.3200     0.00253540
27.3600     0.00253540
27.3700     0.00253620
27.3800     0.00253660
27.4200     0.00253660
27.4500     0.00253820
27.4600     0.00253730
27.4900     0.00253990
27.5000     0.00254010
27.5300     0.00254100
27.5600     0.00254100
27.5700     0.00254040
27.5800     0.00254200
27.6200     0.00254200
27.6300     0.00254360
27.6700     0.00254270
27.6800     0.00254460
27.7000     0.00254500
27.7400     0.00254670
27.7500     0.00254710
27.7700     0.00254740
27.8000     0.00254800
27.8200     0.00254730
27.8400     0.00255010
27.8700     0.00254900
27.8900     0.00254990
27.9200     0.00254990
27.9300     0.00255110
27.9400     0.00255090
27.9600     0.00255020
28.0100     0.00255200
28.0200     0.00255200
28.0500     0.00255210
28.0700     0.00255270
28.0900     0.00255210
28.1200     0.00255390
28.1400     0.00255230
28.1500     0.00255250
28.1900     0.00255300
28.2000     0.00255210
28.2100     0.00255350
28.2400     0.00255250
28.2600     0.00255180
28.3000     0.00255350
28.3100     0.00255320
28.3400     0.00255320
28.3500     0.00255230
28.3800     0.00255270
28.4000     0.00255280
28.4300     0.00255390
28.4500     0.00255250
28.4600     0.00255270
28.5000     0.00255420
28.5100     0.00255180
28.5300     0.00255340
28.5600     0.00255350
28.5800     0.00255320
28.6100     0.00255230
28.6300     0.00255490
28.6500     0.00255320
28.6800     0.00255280
28.7000     0.00255320
28.7100     0.00255230
28.7400     0.00255270
28.7600     0.00255390
28.7700     0.00255350
28.8100     0.00255270
28.8300     0.00255140
28.8500     0.00255250
28.8800     0.00255180
28.8900     0.00255420
28.9100     0.00255320
28.9400     0.00255160
28.9600     0.00255110
28.9700     0.00255320
29.0100     0.00255270
29.0200     0.00255410
29.0400     0.00255270
29.0700     0.00255410
29.1000     0.00255280
29.1200     0.00255420
29.1400     0.00255340
29.1600     0.00255420
29.1900     0.00255340
29.2000     0.00255490
29.2200     0.00255300
29.2600     0.00255370
29.2700     0.00255370
29.2900     0.00255440
29.3200     0.00255460
29.3400     0.00255370
29.3500     0.00255390
29.3900     0.00255440
29.4000     0.00255250
29.4400     0.00255370
29.4600     0.00255490
29.4700     0.00255250
29.5000     0.00255320
29.5200     0.00255370
29.5400     0.00255480
29.5700     0.00255320
29.5900     0.00255270
29.6000     0.00255300
29.6400     0.00255230
29.6500     0.00255300
29.6700     0.00255350
29.7100     0.00255460
29.7100     0.00255210
29.7500     0.00255210
29.7600     0.00255270
29.7800     0.00255270
29.8200     0.00255370
29.8400     0.00255200
29.8500     0.00255060
29.8800     0.00255180
29.9000     0.00254800
29.9200     0.00254950
29.9500     0.00255010
29.9700     0.00254780
29.9900     0.00254780

