10.0200     9.01000e-005
10.0400     9.02000e-005
10.0600     9.02000e-005
10.0900     9.02000e-005
10.1000     9.20000e-005
10.1200     9.25000e-005
10.1600     9.23000e-005
10.1800     9.28000e-005
10.2100     9.32000e-005
10.2200     9.41000e-005
10.2400     9.44000e-005
10.2700     9.46000e-005
10.2900     9.49000e-005
10.3100     9.63000e-005
10.3400     9.69000e-005
10.3600     9.74000e-005
10.3700     9.77000e-005
10.4100     9.91000e-005
10.4300     9.79000e-005
10.4400     9.95000e-005
10.4700     9.97000e-005
10.4900     0.000100900
10.5100     0.000101800
10.5400     0.000103200
10.5600     0.000102100
10.5700     0.000103300
10.6100     0.000103700
10.6200     0.000105100
10.6600     0.000104900
10.6800     0.000104700
10.6900     0.000106000
10.7300     0.000106800
10.7400     0.000107500
10.7600     0.000107900
10.7900     0.000108600
10.8100     0.000110500
10.8300     0.000110000
10.8600     0.000110200
10.8800     0.000111900
10.8900     0.000112800
10.9200     0.000111700
10.9400     0.000113300
10.9700     0.000113600
10.9900     0.000114300
11.0100     0.000115000
11.0400     0.000115200
11.0600     0.000115700
11.0800     0.000116300
11.1100     0.000117500
11.1300     0.000118000
11.1400     0.000118500
11.1800     0.000118700
11.2000     0.000120300
11.2100     0.000120100
11.2400     0.000122200
11.2600     0.000121500
11.2900     0.000122000
11.3100     0.000123300
11.3300     0.000123800
11.3600     0.000124100
11.3800     0.000125700
11.3900     0.000125700
11.4300     0.000127300
11.4400     0.000126800
11.4600     0.000128900
11.4900     0.000128700
11.5100     0.000130100
11.5300     0.000130800
11.5600     0.000131600
11.5700     0.000131800
11.5900     0.000131800
11.6300     0.000132700
11.6400     0.000133900
11.6600     0.000134300
11.7000     0.000135000
11.7100     0.000136700
11.7500     0.000136700
11.7600     0.000137400
11.7800     0.000137900
11.8100     0.000139900
11.8300     0.000140000
11.8400     0.000141100
11.8800     0.000141600
11.9000     0.000141300
11.9100     0.000143400
11.9500     0.000144100
11.9500     0.000145600
11.9800     0.000146200
12.0100     0.000147600
12.0300     0.000148600
12.0600     0.000149800
12.0700     0.000151400
12.0900     0.000151700
12.1300     0.000151900
12.1500     0.000153700
12.1600     0.000155400
12.1900     0.000155900
12.2100     0.000155800
12.2300     0.000158200
12.2600     0.000158600
12.2800     0.000160300
12.2900     0.000160800
12.3300     0.000161000
12.3500     0.000162200
12.3700     0.000163600
12.4000     0.000165000
12.4100     0.000165700
12.4300     0.000166600
12.4600     0.000169000
12.4700     0.000169600
12.5100     0.000170300
12.5200     0.000171100
12.5400     0.000172400
12.5800     0.000173600
12.6000     0.000175200
12.6100     0.000175700
12.6500     0.000176700
12.6700     0.000179200
12.6800     0.000180100
12.7100     0.000181800
12.7200     0.000183200
12.7400     0.000184400
12.7800     0.000185500
12.7900     0.000187400
12.8300     0.000188100
12.8400     0.000189500
12.8600     0.000191600
12.9000     0.000192800
12.9100     0.000194400
12.9300     0.000194900
12.9600     0.000196300
12.9700     0.000199500
12.9900     0.000200200
13.0300     0.000200300
13.0500     0.000202600
13.0700     0.000203800
13.1000     0.000206400
13.1100     0.000206800
13.1300     0.000208200
13.1600     0.000209900
13.1800     0.000211900
13.1900     0.000213600
13.2300     0.000214800
13.2400     0.000216800
13.2800     0.000218500
13.3000     0.000219600
13.3100     0.000221000
13.3500     0.000223600
13.3600     0.000224800
13.3700     0.000227900
13.4200     0.000228100
13.4300     0.000231600
13.4500     0.000232500
13.4800     0.000234900
13.4900     0.000235800
13.5300     0.000239000
13.5400     0.000240000
13.5600     0.000241100
13.6000     0.000244200
13.6100     0.000245200
13.6200     0.000247200
13.6600     0.000248200
13.6800     0.000250700
13.6900     0.000253500
13.7300     0.000255000
13.7500     0.000257300
13.7700     0.000258700
13.8000     0.000260800
13.8100     0.000262400
13.8300     0.000264800
13.8600     0.000266000
13.8800     0.000268800
13.8900     0.000270800
13.9300     0.000273000
13.9400     0.000276400
13.9800     0.000277600
14.0000     0.000279700
14.0100     0.000282600
14.0300     0.000284200
14.0600     0.000286700
14.0800     0.000288600
14.1100     0.000290700
14.1300     0.000294200
14.1400     0.000296500
14.1800     0.000298500
14.2000     0.000301000
14.2200     0.000304000
14.2500     0.000306800
14.2600     0.000308500
14.2800     0.000311500
14.3100     0.000313900
14.3300     0.000316500
14.3600     0.000318600
14.3800     0.000321800
14.3900     0.000324600
14.4300     0.000327400
14.4500     0.000328800
14.4600     0.000332300
14.5000     0.000335900
14.5100     0.000338400
14.5300     0.000342100
14.5600     0.000344500
14.5800     0.000346800
14.6100     0.000349800
14.6200     0.000352200
14.6400     0.000355900
14.6800     0.000359400
14.6900     0.000361600
14.7100     0.000365800
14.7300     0.000369700
14.7600     0.000371800
14.7800     0.000375300
14.8100     0.000379600
14.8300     0.000383100
14.8500     0.000385200
14.8800     0.000391000
14.9000     0.000395200
14.9300     0.000399400
14.9500     0.000402700
14.9600     0.000407300
14.9700     0.000410700
15.0100     0.000415600
15.0300     0.000420200
15.0600     0.000424900
15.0800     0.000429100
15.1000     0.000434900
15.1300     0.000439100
15.1400     0.000445400
15.1600     0.000450100
15.2000     0.000456900
15.2200     0.000462000
15.2300     0.000470000
15.2700     0.00103410
15.2800     0.00113390
15.3000     0.00115250
15.3300     0.00117240
15.3400     0.00118990
15.3600     0.00120800
15.4000     0.00122450
15.4100     0.00123980
15.4400     0.00125640
15.4700     0.00127340
15.4800     0.00181220
15.5100     0.00183230
15.5300     0.00185200
15.5400     0.00187270
15.5800     0.00189150
15.5900     0.00191040
15.6100     0.00193730
15.6500     0.00195380
15.6600     0.00197070
15.6900     0.00203760
15.7100     0.00206580
15.7300     0.00207890
15.7600     0.00209740
15.7700     0.00210490
15.7900     0.00210890
15.8300     0.00211870
15.8500     0.00212540
15.8600     0.00213060
15.9000     0.00213520
15.9100     0.00214200
15.9400     0.00214840
15.9600     0.00215740
15.9800     0.00216910
16.0000     0.00218250
16.0300     0.00219460
16.0400     0.00220610
16.0600     0.00222040
16.1000     0.00223360
16.1100     0.00224540
16.1500     0.00225710
16.1600     0.00227040
16.1800     0.00228210
16.2100     0.00229310
16.2300     0.00230470
16.2400     0.00231690
16.2800     0.00232720
16.3000     0.00233840
16.3100     0.00234890
16.3500     0.00235990
16.3600     0.00238910
16.3800     0.00239910
16.4100     0.00240180
16.4200     0.00240550
16.4400     0.00241270
16.4800     0.00242180
16.4900     0.00243140
16.5300     0.00244060
16.5500     0.00244990
16.5600     0.00245900
16.6000     0.00246830
16.6200     0.00247680
16.6300     0.00248710
16.6600     0.00249710
16.6800     0.00250600
16.6900     0.00251490
16.7300     0.00252300
16.7400     0.00253360
16.7600     0.00254290
16.8000     0.00255320
16.8100     0.00256390
16.8400     0.00257310
16.8600     0.00258340
16.8800     0.00259370
16.8900     0.00260350
16.9300     0.00261380
16.9500     0.00262360
16.9800     0.00263340
17.0000     0.00264340
17.0100     0.00265330
17.0500     0.00266280
17.0600     0.00267220
17.0800     0.00268270
17.1200     0.00269200
17.1300     0.00270660
17.1500     0.00271560
17.1800     0.00272500
17.2000     0.00273500
17.2300     0.00274560
17.2400     0.00275330
17.2600     0.00276310
17.3000     0.00277270
17.3100     0.00278200
17.3300     0.00279160
17.3600     0.00280140
17.3800     0.00281170
17.4000     0.00282390
17.4300     0.00283390
17.4500     0.00284470
17.4800     0.00285590
17.5000     0.00286550
17.5200     0.00287510
17.5500     0.00288530
17.5600     0.00289700
17.5800     0.00290670
17.6100     0.00291670
17.6300     0.00292670
17.6500     0.00293790
17.6800     0.00294680
17.6900     0.00295870
17.7200     0.00296900
17.7500     0.00297860
17.7700     0.00298920
17.7900     0.00300060
17.8200     0.00301110
17.8300     0.00301950
17.8500     0.00303010
17.8800     0.00304550
17.9000     0.00305530
17.9300     0.00306540
17.9500     0.00307630
17.9600     0.00308620
18.0000     0.00309670
18.0100     0.00310760
18.0300     0.00311790
18.0600     0.00312700
18.0800     0.00313800
18.1000     0.00314790
18.1300     0.00315670
18.1500     0.00316660
18.1800     0.00317870
18.2000     0.00319000
18.2100     0.00319910
18.2300     0.00320940
18.2700     0.00321870
18.2800     0.00322900
18.3000     0.00324050
18.3400     0.00325020
18.3500     0.00326060
18.3800     0.00327030
18.4000     0.00328020
18.4100     0.00329110
18.4500     0.00330210
18.4700     0.00331130
18.4800     0.00332300
18.5200     0.00333180
18.5300     0.00334190
18.5500     0.00335200
18.5800     0.00336360
18.5900     0.00338680
18.6100     0.00339220
18.6500     0.00339870
18.6600     0.00340780
18.7000     0.00341810
18.7200     0.00342770
18.7300     0.00343720
18.7700     0.00344830
18.7800     0.00345810
18.8000     0.00346900
18.8300     0.00347810
18.8500     0.00349010
18.8600     0.00349990
18.9000     0.00351020
18.9200     0.00352030
18.9400     0.00353100
18.9600     0.00354100
18.9900     0.00355270
19.0000     0.00356230
19.0400     0.00357240
19.0500     0.00358340
19.0700     0.00359290
19.1000     0.00360340
19.1200     0.00361310
19.1500     0.00362470
19.1700     0.00363430
19.1900     0.00364620
19.2200     0.00365580
19.2300     0.00366630
19.2500     0.00367730
19.2800     0.00368720
19.3000     0.00370370
19.3100     0.00371500
19.3600     0.00372800
19.3700     0.00373950
19.3900     0.00374740
19.4200     0.00375860
19.4400     0.00377010
19.4700     0.00378110
19.4800     0.00379190
19.5000     0.00380170
19.5400     0.00381310
19.5600     0.00382430
19.5700     0.00383680
19.6000     0.00384660
19.6200     0.00386180
19.6400     0.00387460
19.6700     0.00388540
19.6900     0.00389660
19.7000     0.00390450
19.7400     0.00391600
19.7500     0.00392950
19.7700     0.00393980
19.8100     0.00395480
19.8200     0.00396830
19.8600     0.00398030
19.8700     0.00399150
19.8900     0.00400480
19.9200     0.00401840
19.9400     0.00403190
19.9500     0.00404530
19.9900     0.00405780
20.0100     0.00406960
20.0200     0.00409100
20.0600     0.00410510
20.0700     0.00411580
20.0900     0.00413010
20.1200     0.00414220
20.1400     0.00415770
20.1700     0.00416820
20.1900     0.00418380
20.2000     0.00419490
20.2400     0.00420820
20.2500     0.00422170
20.2800     0.00423920
20.3000     0.00426620
20.3200     0.00427970
20.3400     0.00427520
20.3700     0.00428600
20.3900     0.00429910
20.4000     0.00431130
20.4400     0.00432500
20.4600     0.00433860
20.4800     0.00435050
20.5100     0.00436220
20.5300     0.00437410
20.5400     0.00438950
20.5800     0.00439850
20.5900     0.00440820
20.6300     0.00442020
20.6500     0.00443240
20.6600     0.00444120
20.6900     0.00445340
20.7100     0.00446360
20.7300     0.00447820
20.7600     0.00448910
20.7800     0.00449750
20.7900     0.00450790
20.8300     0.00451900
20.8500     0.00453030
20.8800     0.00453920
20.8900     0.00454450
20.9000     0.00455410
20.9300     0.00456370
20.9600     0.00457240
20.9800     0.00458030
21.0100     0.00458960
21.0300     0.00460020
21.0400     0.00460930
21.0800     0.00461680
21.1000     0.00462630
21.1100     0.00463520
21.1500     0.00464320
21.1600     0.00465070
21.1800     0.00465910
21.2200     0.00466800
21.2300     0.00467590
21.2700     0.00468220
21.2800     0.00469230
21.3000     0.00470070
21.3400     0.00470980
21.3500     0.00471470
21.3700     0.00472330
21.3900     0.00472890
21.4200     0.00473690
21.4400     0.00474770
21.4700     0.00475490
21.4800     0.00476310
21.5000     0.00477010
21.5400     0.00477660
21.5500     0.00478320
21.5700     0.00479050
21.6100     0.00479840
21.6200     0.00480560
21.6400     0.00481130
21.6700     0.00481730
21.6900     0.00482430
21.7200     0.00483140
21.7400     0.00483790
21.7500     0.00484470
21.7900     0.00485070
21.8100     0.00485630
21.8200     0.00486290
21.8600     0.00486990
21.8700     0.00487710
21.8900     0.00488320
21.9200     0.00489050
21.9400     0.00489660
21.9600     0.00490240
21.9900     0.00490890
22.0100     0.00491480
22.0500     0.00492340
22.0600     0.00492980
22.0800     0.00493510
22.1100     0.00494000
22.1300     0.00494700
22.1400     0.00495660
22.1800     0.00496320
22.2000     0.00496850
22.2100     0.00497470
22.2500     0.00498190
22.2600     0.00498840
22.2800     0.00499310
22.3100     0.00500220
22.3400     0.00501000
22.3500     0.00501580
22.3800     0.00501810
22.4000     0.00502540
22.4300     0.00503170
22.4500     0.00503570
22.4600     0.00504380
22.5000     0.00504900
22.5200     0.00505430
22.5400     0.00506200
22.5700     0.00506860
22.5800     0.00507440
22.6000     0.00508050
22.6400     0.00508750
22.6500     0.00509220
22.6600     0.00509760
22.7000     0.00510250
22.7100     0.00510840
22.7300     0.00511680
22.7700     0.00512280
22.7900     0.00512890
22.8000     0.00513220
22.8400     0.00513760
22.8500     0.00514830
22.8900     0.00515370
22.9100     0.00515750
22.9200     0.00516470
22.9600     0.00517050
22.9800     0.00517350
22.9900     0.00517820
23.0300     0.00518340
23.0400     0.00518920
23.0600     0.00519700
23.1000     0.00522800
23.1100     0.00522680
23.1300     0.00522400
23.1700     0.00522170
23.1800     0.00522150
23.2100     0.00521960
23.2300     0.00522290
23.2400     0.00522890
23.2800     0.00523360
23.3000     0.00523830
23.3100     0.00524440
23.3500     0.00525100
23.3600     0.00525370
23.3800     0.00525840
23.4100     0.00526500
23.4300     0.00526820
23.4600     0.00527290
23.4800     0.00528010
23.4900     0.00528340
23.5300     0.00528950
23.5500     0.00529280
23.5600     0.00529820
23.5900     0.00530700
23.6200     0.00531240
23.6200     0.00531500
23.6600     0.00532030
23.6700     0.00532690
23.6900     0.00532900
23.7300     0.00533370
23.7400     0.00533980
23.7600     0.00534330
23.7900     0.00534870
23.8100     0.00535330
23.8300     0.00535870
23.8600     0.00536460
23.8700     0.00536850
23.9000     0.00537430
23.9200     0.00537920
23.9400     0.00538440
23.9700     0.00538770
23.9900     0.00539190
24.0100     0.00539590
24.0400     0.00539990
24.0600     0.00540550
24.0700     0.00541060
24.1000     0.00541640
24.1200     0.00542040
24.1400     0.00542490
24.1700     0.00542950
24.1900     0.00543700
24.2100     0.00543940
24.2400     0.00544400
24.2500     0.00545050
24.2900     0.00545290
24.3000     0.00546110
24.3200     0.00546570
24.3400     0.00546970
24.3700     0.00547540
24.3900     0.00547910
24.4200     0.00548330
24.4300     0.00548940
24.4600     0.00549340
24.4900     0.00549920
24.5100     0.00550450
24.5300     0.00550740
24.5600     0.00550950
24.5700     0.00551530
24.6000     0.00551840
24.6100     0.00552370
24.6300     0.00552810
24.6700     0.00553190
24.6900     0.00553630
24.7000     0.00554150
24.7300     0.00554620
24.7500     0.00555150
24.7600     0.00555530
24.8000     0.00556000
24.8100     0.00556410
24.8400     0.00556820
24.8600     0.00557300
24.8700     0.00557790
24.8900     0.00558260
24.9300     0.00558710
24.9500     0.00559250
24.9800     0.00559500
24.9900     0.00560220
25.0100     0.00560560
25.0500     0.00561000
25.0600     0.00561510
25.0800     0.00561840
25.1100     0.00562330
25.1300     0.00562750
25.1500     0.00563240
25.1800     0.00563520
25.1900     0.00563920
25.2100     0.00564530
25.2500     0.00565000
25.2600     0.00565490
25.2800     0.00565670
25.3100     0.00566020
25.3300     0.00566420
25.3400     0.00566930
25.3700     0.00567170
25.3900     0.00567560
25.4300     0.00568040
25.4500     0.00568460
25.4600     0.00568800
25.5000     0.00569150
25.5100     0.00569650
25.5300     0.00569980
25.5600     0.00570440
25.5700     0.00570820
25.6000     0.00571160
25.6300     0.00571590
25.6400     0.00571870
25.6800     0.00572270
25.7000     0.00573130
25.7100     0.00573460
25.7500     0.00573900
25.7600     0.00574020
25.7800     0.00574410
25.7900     0.00574950
25.8200     0.00575330
25.8400     0.00576330
25.8700     0.00576660
25.8800     0.00576730
25.9000     0.00576800
25.9400     0.00577120
25.9600     0.00577500
25.9900     0.00577870
26.0100     0.00578160
26.0200     0.00578640
26.0400     0.00578990
26.0700     0.00579330
26.0900     0.00579630
26.1000     0.00580120
26.1400     0.00580510
26.1600     0.00580840
26.1900     0.00581270
26.2100     0.00581730
26.2200     0.00581990
26.2500     0.00582520
26.2700     0.00582860
26.2900     0.00583230
26.3200     0.00583670
26.3400     0.00583930
26.3600     0.00584460
26.3900     0.00584940
26.4000     0.00585280
26.4200     0.00585630
26.4500     0.00586030
26.4700     0.00586570
26.5100     0.00586940
26.5300     0.00587200
26.5400     0.00587550
26.5700     0.00588000
26.5900     0.00588320
26.6000     0.00588890
26.6400     0.00589210
26.6500     0.00589630
26.6700     0.00589960
26.7000     0.00590210
26.7200     0.00590590
26.7400     0.00590900
26.7700     0.00591380
26.7800     0.00591740
26.8200     0.00592080
26.8300     0.00592420
26.8500     0.00592700
26.8600     0.00592980
26.9000     0.00593350
26.9100     0.00593560
26.9500     0.00594050
26.9600     0.00594280
26.9800     0.00594520
27.0200     0.00594980
27.0300     0.00595270
27.0600     0.00595710
27.0800     0.00596130
27.1000     0.00596500
27.1200     0.00596850
27.1500     0.00597180
27.1600     0.00597530
27.2000     0.00598090
27.2200     0.00598440
27.2300     0.00598610
27.2700     0.00598820
27.2800     0.00599010
27.2900     0.00599450
27.3300     0.00599570
27.3500     0.00600080
27.3600     0.00600290
27.4000     0.00600620
27.4100     0.00601020
27.4300     0.00601290
27.4700     0.00601580
27.4800     0.00601970
27.5200     0.00602280
27.5300     0.00602600
27.5500     0.00602790
27.5800     0.00603050
27.6000     0.00603470
27.6100     0.00603710
27.6500     0.00603990
27.6600     0.00604360
27.6700     0.00604660
27.7100     0.00604920
27.7300     0.00605270
27.7500     0.00605600
27.7800     0.00605950
27.8000     0.00606040
27.8100     0.00606630
27.8500     0.00606770
27.8600     0.00606880
27.8900     0.00606980
27.9100     0.00607370
27.9200     0.00607770
27.9600     0.00607980
27.9700     0.00608450
27.9900     0.00608660
28.0300     0.00609040
28.0400     0.00609270
28.0600     0.00609430
28.0900     0.00609800
28.1100     0.00609940
28.1200     0.00610180
28.1600     0.00610360
28.1800     0.00610790
28.1900     0.00610840
28.2200     0.00611140
28.2300     0.00611420
28.2500     0.00611700
28.2900     0.00612090
28.3100     0.00612280
28.3400     0.00612440
28.3600     0.00612630
28.3700     0.00612700
28.4100     0.00612990
28.4200     0.00613290
28.4400     0.00613540
28.4700     0.00613990
28.4900     0.00614130
28.5100     0.00614390
28.5400     0.00614480
28.5500     0.00614640
28.5700     0.00616050
28.6000     0.00622550
28.6200     0.00622800
28.6300     0.00622450
28.6700     0.00621800
28.6800     0.00621070
28.7200     0.00620470
28.7300     0.00620250
28.7500     0.00619670
28.7800     0.00619320
28.7900     0.00618460
28.8100     0.00617750
28.8500     0.00617290
28.8700     0.00616840
28.8800     0.00616540
28.9100     0.00616210
28.9300     0.00616140
28.9600     0.00616230
28.9800     0.00616280
29.0000     0.00616300
29.0300     0.00616230
29.0500     0.00616650
29.0600     0.00616870
29.0800     0.00617140
29.1100     0.00617050
29.1300     0.00617400
29.1600     0.00617700
29.1800     0.00617980
29.2100     0.00618080
29.2300     0.00618430
29.2500     0.00618760
29.2600     0.00618740
29.2900     0.00619180
29.3100     0.00619690
29.3400     0.00619740
29.3600     0.00619690
29.3700     0.00619920
29.3900     0.00620250
29.4200     0.00620530
29.4400     0.00620740
29.4700     0.00621160
29.4900     0.00621590
29.5100     0.00621610
29.5400     0.00621980
29.5600     0.00622100
29.5700     0.00622190
29.6100     0.00622410
29.6200     0.00622540
29.6400     0.00622680
29.6700     0.00622850
29.6900     0.00623130
29.7100     0.00623170
29.7400     0.00629770
29.7500     0.00630190
29.7900     0.00629580
29.8000     0.00628760
29.8200     0.00627660
29.8500     0.00626730
29.8700     0.00626750
29.8900     0.00625820
29.9200     0.00624620
29.9400     0.00624110
29.9600     0.00623690
29.9900     0.00623590
30.0000     0.00623590
30.0400     0.00623590
30.0500     0.00623790
30.0700     0.00623920
30.0800     0.00624230
30.1200     0.00624270
30.1300     0.00624630
30.1700     0.00624810
30.1800     0.00624880
30.2000     0.00625190
30.2300     0.00625300
30.2500     0.00625530
30.2600     0.00625650
30.3000     0.00625930
30.3200     0.00626070
30.3300     0.00626260
30.3700     0.00626610
30.3800     0.00626540
30.4200     0.00626770
30.4300     0.00626920
30.4500     0.00626990
30.4700     0.00627150
30.5000     0.00627360
0.000000     0.000000
