10.0500     6.26000e-005
10.0600     6.37000e-005
10.0500     6.24000e-005
10.0500     6.19000e-005
10.0600     6.30000e-005
10.0500     6.31000e-005
10.0600     6.28000e-005
10.0500     6.28000e-005
10.0600     6.24000e-005
10.0600     6.21000e-005
10.0600     6.35000e-005
10.0800     6.35000e-005
10.1200     6.35000e-005
10.1400     6.42000e-005
10.1500     6.44000e-005
10.1900     6.52000e-005
10.2000     6.47000e-005
10.2400     6.51000e-005
10.2500     6.59000e-005
10.2700     6.66000e-005
10.3000     6.73000e-005
10.3200     6.77000e-005
10.3400     6.84000e-005
10.3700     6.94000e-005
10.3900     7.03000e-005
10.4100     7.01000e-005
10.4400     7.07000e-005
10.4500     7.19000e-005
10.4700     7.14000e-005
10.5100     7.21000e-005
10.5300     7.26000e-005
10.5500     7.26000e-005
10.5800     7.31000e-005
10.5900     7.26000e-005
10.6300     7.54000e-005
10.6400     7.38000e-005
10.6600     7.47000e-005
10.6900     7.48000e-005
10.7100     7.59000e-005
10.7200     7.61000e-005
10.7600     7.73000e-005
10.7700     7.78000e-005
10.7900     7.92000e-005
10.8300     7.78000e-005
10.8500     7.82000e-005
10.8600     7.78000e-005
10.9000     7.94000e-005
10.9100     7.90000e-005
10.9300     8.06000e-005
10.9600     8.10000e-005
10.9800     8.17000e-005
11.0000     8.18000e-005
11.0300     8.17000e-005
11.0500     8.20000e-005
11.0800     8.27000e-005
11.1000     8.29000e-005
11.1200     8.31000e-005
11.1500     8.43000e-005
11.1700     8.57000e-005
11.1800     8.66000e-005
11.2200     8.67000e-005
11.2400     8.62000e-005
11.2500     8.64000e-005
11.2800     8.59000e-005
11.3000     8.81000e-005
11.3200     8.87000e-005
11.3600     8.95000e-005
11.3700     9.04000e-005
11.4000     9.01000e-005
11.4200     9.23000e-005
11.4300     9.16000e-005
11.4700     9.09000e-005
11.4900     9.15000e-005
11.4900     9.27000e-005
11.5400     9.32000e-005
11.5500     9.42000e-005
11.5700     9.42000e-005
11.6100     9.49000e-005
11.6300     9.49000e-005
11.6400     9.53000e-005
11.6700     9.69000e-005
11.6900     9.69000e-005
11.7000     9.69000e-005
11.7400     9.77000e-005
11.7500     9.70000e-005
11.7700     9.86000e-005
11.8100     9.81000e-005
11.8200     0.000100000
11.8600     0.000100900
11.8700     0.000100500
11.8900     0.000101200
11.9200     0.000101900
11.9400     0.000103200
11.9600     0.000103200
11.9900     0.000103500
12.0000     0.000104600
12.0300     0.000104400
12.0600     0.000104900
12.0700     0.000104600
12.1000     0.000105600
12.1200     0.000106300
12.1400     0.000106800
12.1700     0.000107400
12.1800     0.000108100
12.2100     0.000108800
12.2400     0.000109800
12.2600     0.000109300
12.2800     0.000110500
12.3100     0.000110900
12.3200     0.000111500
12.3400     0.000112400
12.3800     0.000113100
12.3900     0.000112800
12.4300     0.000113500
12.4400     0.000114500
12.4600     0.000114500
12.4900     0.000114200
12.5100     0.000115000
12.5200     0.000116100
12.5600     0.000117000
12.5800     0.000118000
12.6000     0.000118200
12.6300     0.000119400
12.6500     0.000119900
12.6600     0.000121300
12.7000     0.000120600
12.7100     0.000123100
12.7300     0.000124300
12.7600     0.000123600
12.7700     0.000125500
12.7900     0.000124800
12.8300     0.000126200
12.8500     0.000127100
12.8600     0.000128700
12.9000     0.000129200
12.9100     0.000129200
12.9500     0.000129200
12.9600     0.000129900
12.9800     0.000131100
13.0200     0.000131600
13.0300     0.000133000
13.0500     0.000134400
13.0800     0.000135100
13.1000     0.000135000
13.1200     0.000135800
13.1500     0.000137400
13.1600     0.000137800
13.2000     0.000138100
13.2200     0.000138800
13.2300     0.000141100
13.2700     0.000141300
13.2800     0.000142300
13.3000     0.000142700
13.3300     0.000144100
13.3500     0.000144600
13.3600     0.000146300
13.4000     0.000146200
13.4100     0.000147200
13.4300     0.000148900
13.4700     0.000148900
13.4800     0.000150300
13.5000     0.000151000
13.5300     0.000151400
13.5500     0.000152100
13.5600     0.000154500
13.6000     0.000154200
13.6100     0.000155400
13.6300     0.000154900
13.6700     0.000155200
13.6800     0.000157300
13.7200     0.000159400
13.7300     0.000159800
13.7500     0.000160500
13.7800     0.000162100
13.8000     0.000162200
13.8200     0.000162900
13.8500     0.000164300
13.8700     0.000166400
13.9000     0.000167100
13.9200     0.000167500
13.9400     0.000168900
13.9500     0.000169600
13.9900     0.000170600
14.0000     0.000170400
14.0400     0.000172000
14.0600     0.000173900
14.0700     0.000174100
14.1000     0.000176600
14.1200     0.000177600
14.1400     0.000178800
14.1700     0.000179200
14.1900     0.000179700
14.2100     0.000180800
14.2400     0.000182200
14.2500     0.000182300
14.2700     0.000184600
14.3000     0.000186300
14.3200     0.000187000
14.3400     0.000187400
14.3700     0.000188600
14.3900     0.000189800
14.4200     0.000191600
14.4400     0.000192600
14.4600     0.000194000
14.4900     0.000196300
14.5000     0.000197700
14.5200     0.000199100
14.5600     0.000199800
14.5700     0.000201200
14.5900     0.000203800
14.6200     0.000204300
14.6300     0.000206600
14.6600     0.000207700
14.6900     0.000208700
14.7000     0.000209400
14.7200     0.000211900
14.7600     0.000211900
14.7700     0.000214000
14.8100     0.000214800
14.8300     0.000217100
14.8400     0.000218000
14.8700     0.000220100
14.8900     0.000221300
14.9100     0.000222500
14.9400     0.000223600
14.9600     0.000225800
14.9900     0.000227600
15.0100     0.000229200
15.0200     0.000232300
15.0400     0.000233500
15.0800     0.000236000
15.0900     0.000235500
15.1000     0.000238400
15.1400     0.000239700
15.1600     0.000240400
15.1900     0.000242400
15.2100     0.000244400
15.2300     0.000245900
15.2600     0.000247500
15.2800     0.000249400
15.2900     0.000251700
15.3300     0.000253300
15.3400     0.000255200
15.3700     0.000257300
15.3900     0.000258900
15.4100     0.000259900
15.4200     0.000261300
15.4600     0.000263800
15.4800     0.000266200
15.5100     0.000268000
15.5300     0.000269200
15.5400     0.000271600
15.5600     0.000272700
15.5900     0.000275800
15.6100     0.000278300
15.6400     0.000280200
15.6600     0.000281100
15.6800     0.000284200
15.7100     0.000285800
15.7300     0.000288600
15.7400     0.000290000
15.7800     0.000292100
15.7900     0.000294500
15.8300     0.000296600
15.8400     0.000298400
15.8600     0.000301500
15.8900     0.000303100
15.9100     0.000306200
15.9300     0.000308000
15.9600     0.000309000
15.9700     0.000312500
15.9900     0.000315000
16.0300     0.000316700
16.0400     0.000319300
16.0600     0.000321600
16.1000     0.000323900
16.1100     0.000327000
16.1300     0.000329700
16.1600     0.000331400
16.1800     0.000334000
16.1900     0.000337700
16.2300     0.000339800
16.2500     0.000343600
16.2800     0.000345700
16.3000     0.000347700
16.3100     0.000351200
16.3500     0.000353800
16.3600     0.000356900
16.3800     0.000360600
16.4100     0.000362900
16.4300     0.000365800
16.4500     0.000369200
16.4800     0.000374200
16.4900     0.000377900
16.5200     0.000380500
16.5500     0.000384700
16.5700     0.000389600
16.6000     0.000394100
16.6100     0.000398700
16.6300     0.000402000
16.6600     0.000925100
16.6800     0.000928200
16.7000     0.000932100
16.7300     0.000934900
16.7500     0.000940500
16.7600     0.000945900
16.8000     0.000952200
16.8100     0.000956200
16.8300     0.000962300
16.8700     0.000969100
16.8800     0.000975400
16.8900     0.000978700
16.9300     0.000984700
16.9500     0.000991500
16.9800     0.000998100
16.9900     0.00100300
17.0100     0.00100860
17.0300     0.00101510
17.0700     0.00102170
17.0800     0.00102750
17.1200     0.00103260
17.1300     0.00103920
17.1500     0.00104550
17.1800     0.00105090
17.2000     0.00105650
17.2100     0.00106230
17.2500     0.00107120
17.2600     0.00107780
17.3000     0.00108310
17.3200     0.00108880
17.3300     0.00109530
17.3700     0.00110070
17.3900     0.00110670
17.4000     0.00111370
17.4300     0.00111920
17.4500     0.00112220
17.4600     0.00112940
17.5000     0.00113620
17.5200     0.00114110
17.5300     0.00114600
17.5700     0.00115250
17.5800     0.00115770
17.6100     0.00116290
17.6400     0.00116850
17.6500     0.00117460
17.6900     0.00118080
17.7000     0.00118670
17.7200     0.00119320
17.7500     0.00120140
17.7700     0.00120720
17.7900     0.00121150
17.8200     0.00121620
17.8300     0.00122010
17.8500     0.00122570
17.8900     0.00123160
17.9000     0.00123790
17.9200     0.00124230
17.9500     0.00124800
17.9700     0.00125560
17.9900     0.00126340
18.0200     0.00126810
18.0400     0.00127430
18.0700     0.00128090
18.0900     0.00128630
18.1000     0.00129260
18.1400     0.00129730
18.1500     0.00130310
18.1700     0.00130870
18.2000     0.00131410
18.2100     0.00132140
18.2300     0.00132700
18.2700     0.00133320
18.2900     0.00133860
18.3100     0.00134430
18.3400     0.00135120
18.3600     0.00135640
18.3700     0.00139800
18.4000     0.00146620
18.4200     0.00148450
18.4400     0.00151680
18.4700     0.00154580
18.4900     0.00156040
18.5200     0.00157450
18.5400     0.00158690
18.5500     0.00159860
18.5900     0.00160820
18.6000     0.00161860
18.6400     0.00162830
18.6600     0.00163830
18.6800     0.00164950
18.6900     0.00165820
18.7300     0.00166840
18.7400     0.00167740
18.7600     0.00168790
18.7900     0.00170120
18.8100     0.00170930
18.8200     0.00171830
18.8600     0.00172620
18.8800     0.00173340
18.9100     0.00174230
18.9300     0.00175150
18.9400     0.00175990
18.9700     0.00176680
18.9900     0.00177690
19.0100     0.00178410
19.0400     0.00179120
19.0500     0.00180080
19.0700     0.00180920
19.1100     0.00181500
19.1200     0.00182480
19.1600     0.00183330
19.1700     0.00184210
19.1900     0.00184940
19.2300     0.00185590
19.2400     0.00186530
19.2600     0.00187320
19.2900     0.00188230
19.3100     0.00189070
19.3300     0.00189850
19.3600     0.00190520
19.3800     0.00191300
19.4000     0.00192120
19.4300     0.00192910
19.4500     0.00193850
19.4600     0.00195060
19.5000     0.00196020
19.5100     0.00196410
19.5500     0.00197070
19.5600     0.00198360
19.5800     0.00199290
19.6100     0.00200010
19.6300     0.00200620
19.6400     0.00201460
19.6800     0.00202230
19.7000     0.00203050
19.7100     0.00203730
19.7500     0.00204640
19.7600     0.00205420
19.7800     0.00206180
19.8100     0.00206980
19.8300     0.00207780
19.8500     0.00208690
19.8800     0.00209440
19.9000     0.00210200
19.9200     0.00210950
19.9500     0.00211720
19.9600     0.00212450
19.9800     0.00213320
20.0100     0.00214090
20.0300     0.00214740
20.0700     0.00215490
20.0800     0.00216400
20.1000     0.00217080
20.1300     0.00217850
20.1500     0.00218530
20.1700     0.00219250
20.2000     0.00220070
20.2100     0.00220890
20.2400     0.00221690
20.2700     0.00222380
20.2900     0.00223020
20.3200     0.00224120
20.3400     0.00224840
20.3500     0.00225590
20.3800     0.00226360
20.3900     0.00227110
20.4200     0.00227810
20.4600     0.00228460
20.4600     0.00229120
20.4900     0.00229910
20.5200     0.00230630
20.5300     0.00231290
20.5500     0.00232020
20.5900     0.00232670
20.6000     0.00233460
20.6300     0.00234170
20.6500     0.00234870
20.6700     0.00235640
20.7000     0.00236180
20.7200     0.00236850
20.7400     0.00237620
20.7700     0.00238380
20.7900     0.00239140
20.8100     0.00239820
20.8500     0.00240880
20.8600     0.00241440
20.8800     0.00242120
20.9100     0.00242750
20.9200     0.00243540
20.9400     0.00244330
20.9800     0.00245040
20.9900     0.00245660
21.0100     0.00246390
21.0400     0.00247160
21.0600     0.00248360
21.0800     0.00249060
21.1200     0.00249900
21.1300     0.00250690
21.1700     0.00251540
21.1900     0.00252000
21.2000     0.00252660
21.2300     0.00253400
21.2500     0.00254180
21.2700     0.00254880
21.3000     0.00255620
21.3100     0.00256330
21.3300     0.00257120
21.3600     0.00257800
21.3800     0.00258610
21.4200     0.00259320
21.4300     0.00259970
21.4500     0.00260720
21.4800     0.00261560
21.5000     0.00262360
21.5200     0.00263150
21.5500     0.00263970
21.5700     0.00264830
21.5900     0.00265540
21.6200     0.00266380
21.6300     0.00267260
21.6500     0.00268090
21.6900     0.00268950
21.7000     0.00269770
21.7100     0.00276540
21.7600     0.00276170
21.7700     0.00272500
21.8100     0.00276060
21.8200     0.00276500
21.8400     0.00277100
21.8700     0.00278950
21.8800     0.00280840
21.9000     0.00280520
21.9400     0.00280100
21.9600     0.00282830
21.9700     0.00283330
22.0100     0.00283440
22.0200     0.00285130
22.0400     0.00285970
22.0800     0.00286620
22.0900     0.00287440
22.1200     0.00287970
22.1400     0.00288720
22.1600     0.00289680
22.1900     0.00290500
22.2100     0.00291290
22.2200     0.00292140
22.2600     0.00292880
22.2800     0.00293750
22.3000     0.00294620
22.3300     0.00295430
22.3500     0.00295990
22.3600     0.00297210
22.4000     0.00297930
22.4100     0.00298710
22.4500     0.00299570
22.4600     0.00300230
22.4900     0.00301200
22.5200     0.00301600
22.5300     0.00302540
22.5500     0.00303380
22.5600     0.00304570
22.6000     0.00305090
22.6200     0.00306000
22.6500     0.00306750
22.6700     0.00307630
22.6800     0.00308220
22.7200     0.00308990
22.7300     0.00309830
22.7500     0.00310490
22.7900     0.00311300
22.8100     0.00311940
22.8300     0.00312700
22.8500     0.00313270
22.8700     0.00313950
22.9000     0.00314690
22.9200     0.00315470
22.9300     0.00315750
22.9700     0.00316590
22.9900     0.00317450
23.0000     0.00318220
23.0400     0.00318720
23.0600     0.00319160
23.0700     0.00319720
23.1100     0.00320210
23.1200     0.00320540
23.1400     0.00320930
23.1700     0.00321470
23.1900     0.00321980
23.2100     0.00322380
23.2400     0.00322810
23.2500     0.00323220
23.2900     0.00323720
23.3000     0.00324090
23.3200     0.00324700
23.3600     0.00325260
23.3700     0.00325440
23.3900     0.00325990
23.4200     0.00326430
23.4400     0.00326730
23.4500     0.00327130
23.4900     0.00327530
23.5000     0.00327930
23.5200     0.00328530
23.5500     0.00328650
23.5700     0.00329070
23.5900     0.00329490
23.6200     0.00329930
23.6300     0.00330360
23.6700     0.00330640
23.6800     0.00331100
23.7000     0.00332650
23.7300     0.00332640
23.7500     0.00332320
23.7600     0.00332390
23.8000     0.00332620
23.8100     0.00333180
23.8500     0.00333330
23.8600     0.00333810
23.8800     0.00334310
23.9000     0.00334660
23.9300     0.00334890
23.9500     0.00335260
23.9700     0.00335690
24.0000     0.00336030
24.0100     0.00336640
24.0500     0.00336970
24.0600     0.00337390
24.0800     0.00337830
24.1100     0.00338120
24.1300     0.00338400
24.1500     0.00338890
24.1800     0.00339290
24.2000     0.00339640
24.2100     0.00340030
24.2500     0.00340450
24.2700     0.00340780
24.2800     0.00341110
24.3200     0.00341480
24.3300     0.00341860
24.3600     0.00342230
24.3800     0.00342650
24.4000     0.00343030
24.4300     0.00343350
24.4500     0.00343770
24.4700     0.00344100
24.5000     0.00344350
24.5100     0.00344760
24.5300     0.00345220
24.5700     0.00345670
24.5800     0.00345940
24.6000     0.00346160
24.6300     0.00346550
24.6400     0.00346910
24.6800     0.00347330
24.7000     0.00347560
24.7100     0.00347950
24.7300     0.00348420
24.7600     0.00348840
24.7800     0.00349190
24.7900     0.00349450
24.8300     0.00349900
24.8500     0.00350250
24.8800     0.00350500
24.9000     0.00350780
24.9100     0.00351090
24.9400     0.00351510
24.9600     0.00351560
24.9900     0.00352070
25.0100     0.00352470
25.0200     0.00352770
25.0600     0.00353030
25.0800     0.00353280
25.0900     0.00353610
25.1300     0.00353870
25.1400     0.00354270
25.1600     0.00354660
25.2000     0.00354810
25.2100     0.00355150
25.2300     0.00355430
25.2600     0.00355720
25.2800     0.00356040
25.3000     0.00356370
25.3300     0.00356740
25.3400     0.00357120
25.3800     0.00357300
25.3900     0.00357750
25.4100     0.00357980
25.4400     0.00358290
25.4600     0.00358620
25.4700     0.00358760
25.5100     0.00359320
25.5300     0.00359640
25.5500     0.00359810
25.5700     0.00360200
25.5900     0.00360720
25.6100     0.00361440
25.6400     0.00361260
25.6600     0.00361470
25.6800     0.00361490
25.7000     0.00361790
25.7200     0.00362030
25.7500     0.00362330
25.7800     0.00362570
25.7900     0.00362910
25.8300     0.00363060
25.8400     0.00363430
25.8500     0.00363520
25.8700     0.00364010
25.9100     0.00364130
25.9200     0.00364550
25.9600     0.00364650
25.9700     0.00365140
25.9900     0.00365230
26.0300     0.00365700
26.0500     0.00365980
26.0600     0.00366090
26.0900     0.00366380
26.1100     0.00366590
26.1300     0.00366920
26.1600     0.00367100
26.1700     0.00367450
26.1800     0.00367680
26.2200     0.00368080
26.2400     0.00368410
26.2700     0.00368620
26.2900     0.00368930
26.3000     0.00369160
26.3400     0.00369480
26.3500     0.00369630
26.3700     0.00369900
26.4000     0.00370120
26.4200     0.00370470
26.4500     0.00370770
26.4700     0.00371120
26.4800     0.00371400
26.5200     0.00371450
26.5300     0.00371770
26.5500     0.00372130
26.5700     0.00372260
26.6000     0.00372740
26.6200     0.00373020
26.6500     0.00373160
26.6700     0.00373410
26.6900     0.00373790
26.7200     0.00373920
26.7400     0.00374260
26.7500     0.00374400
26.7900     0.00374650
26.8000     0.00374890
26.8200     0.00375260
26.8500     0.00375510
26.8700     0.00375800
26.9000     0.00375930
26.9100     0.00376010
26.9300     0.00376340
26.9700     0.00376730
26.9800     0.00376900
27.0000     0.00377240
27.0400     0.00377390
27.0500     0.00377380
27.0700     0.00377800
27.1000     0.00378090
27.1100     0.00378090
27.1300     0.00378510
27.1700     0.00378740
27.1800     0.00378760
27.2000     0.00379190
27.2300     0.00379280
27.2500     0.00379300
27.2800     0.00379680
27.3000     0.00379860
27.3100     0.00380050
27.3500     0.00380210
27.3700     0.00380290
27.3700     0.00380560
27.4100     0.00380750
27.4300     0.00381060
27.4500     0.00381120
27.4800     0.00381380
27.5000     0.00381640
27.5200     0.00381740
27.5500     0.00381850
27.5600     0.00382150
27.6000     0.00382320
27.6100     0.00382570
27.6300     0.00382780
27.6400     0.00382860
27.6800     0.00383350
27.7000     0.00383390
27.7300     0.00383600
27.7500     0.00383740
27.7600     0.00383950
27.7900     0.00383960
27.8000     0.00384170
27.8200     0.00384470
27.8600     0.00384660
27.8900     0.00384650
27.8900     0.00384860
27.9300     0.00384940
27.9400     0.00385210
27.9600     0.00385280
27.9900     0.00385400
28.0100     0.00385760
28.0400     0.00385800
28.0600     0.00385920
28.0700     0.00386100
28.1100     0.00386290
28.1300     0.00386990
28.1400     0.00386990
28.1800     0.00387040
28.2000     0.00386880
28.2100     0.00387060
28.2400     0.00387010
28.2600     0.00387080
28.2700     0.00387220
28.3100     0.00387420
28.3200     0.00387530
28.3600     0.00387670
28.3800     0.00387900
28.3900     0.00387970
28.4200     0.00388210
28.4400     0.00388440
28.4600     0.00388560
28.4900     0.00388670
28.5000     0.00388890
28.5200     0.00388910
28.5500     0.00389020
28.5700     0.00389350
28.5900     0.00389400
28.6200     0.00389520
28.6400     0.00389490
28.6700     0.00389770
28.6900     0.00389910
28.7000     0.00390050
28.7200     0.00390220
28.7500     0.00390290
28.7700     0.00390470
28.7800     0.00390660
28.8200     0.00390710
28.8400     0.00390750
28.8700     0.00390900
28.8900     0.00390990
28.9000     0.00391220
28.9400     0.00391250
28.9500     0.00391480
28.9700     0.00391670
29.0000     0.00391710
29.0100     0.00391780
29.0300     0.00391850
29.0700     0.00392070
29.0800     0.00392140
29.1000     0.00392350
29.1400     0.00392340
29.1500     0.00392600
29.1800     0.00392700
29.1900     0.00392720
29.2100     0.00393030
29.2500     0.00393090
29.2600     0.00393170
29.2800     0.00393230
29.3200     0.00393370
29.3300     0.00393470
29.3600     0.00393580
29.3900     0.00393610
29.4000     0.00393840
29.4300     0.00393910
29.4500     0.00393930
29.4600     0.00393960
29.4800     0.00394150
29.5200     0.00394050
29.5300     0.00394260
29.5600     0.00394330
29.5800     0.00394360
29.5900     0.00394360
29.6300     0.00394660
29.6500     0.00394610
29.6600     0.00394680
29.6900     0.00394730
29.7100     0.00394900
29.7300     0.00394800
29.7600     0.00394830
29.7800     0.00394970
29.7900     0.00395030
29.8300     0.00395150
29.8400     0.00395200
29.8500     0.00395150
29.9000     0.00395500
29.9100     0.00395870
29.9300     0.00395760
29.9700     0.00395660
29.9800     0.00395430
30.0100     0.00395360
30.1300     0.00624630
