Jan 01, 2004  03:38:25 AM
Residual Gas Analyzer Software 
Software Version, 3.214.004

Analog Scan Setup:

Data Points in Scan, 1491 
Units, Torr 
Noise Floor, 0 
CEM Status, OFF 
Points Per AMU, 10
Scan Start Mass, 1, amu 
Scan Stop Mass, 150, amu
Focus Voltage, 90, Volts 
Ion Energy, HIGH 
Electron Energy, 70, eV 
CEM Voltage, 1000, Volts
CEM Gain, 1.00E+006 
Sensitivity Factor, 1.56E-004 
Filament Current, 1.00, mAmps


  1.00,   7.07E-011, 
  1.10,   1.31E-010, 
  1.20,   7.87E-010, 
  1.30,   1.49E-008, 
  1.40,   6.44E-009, 
  1.50,   3.36E-009, 
  1.60,   2.63E-009, 
  1.70,   4.12E-009, 
  1.80,   1.30E-008, 
  1.90,   2.65E-008, 
  2.00,   3.23E-008, 
  2.10,   3.29E-008, 
  2.20,   3.02E-008, 
  2.30,   2.18E-008, 
  2.40,   6.48E-009, 
  2.50,   1.74E-009, 
  2.60,   7.27E-010, 
  2.70,   4.00E-010, 
  2.80,   2.09E-010, 
  2.90,   7.26E-011, 
  3.00,   6.11E-011, 
  3.10,   8.93E-011, 
  3.20,   1.01E-010, 
  3.30,   8.29E-011, 
  3.40,   4.18E-011, 
  3.50,   1.86E-011, 
  3.60,   5.59E-011, 
  3.70,   6.36E-011, 
  3.80,   2.44E-011, 
  3.90,   2.31E-011, 
  4.00,   4.56E-011, 
  4.10,   3.98E-011, 
  4.20,   5.27E-011, 
  4.30,   4.82E-011, 
  4.40,   2.12E-011, 
  4.50,  -2.57E-012, 
  4.60,  -1.29E-012, 
  4.70,   9.00E-012, 
  4.80,  -5.14E-012, 
  4.90,  -3.79E-011, 
  5.00,   3.86E-012, 
  5.10,   2.12E-011, 
  5.20,  -8.35E-012, 
  5.30,  -3.15E-011, 
  5.40,  -1.93E-011, 
  5.50,  -2.19E-011, 
  5.60,  -4.56E-011, 
  5.70,  -4.37E-011, 
  5.80,  -1.99E-011, 
  5.90,  -4.50E-012, 
  6.00,  -1.93E-011, 
  6.10,  -1.93E-012, 
  6.20,   1.80E-011, 
  6.30,  -2.31E-011, 
  6.40,  -2.70E-011, 
  6.50,  -2.57E-012, 
  6.60,  -6.43E-013, 
  6.70,  -1.54E-011, 
  6.80,  -3.08E-011, 
  6.90,  -2.76E-011, 
  7.00,  -5.08E-011, 
  7.10,  -7.65E-011, 
  7.20,  -7.52E-011, 
  7.30,  -6.43E-011, 
  7.40,  -4.11E-011, 
  7.50,  -3.73E-011, 
  7.60,  -7.71E-012, 
  7.70,   2.31E-011, 
  7.80,   3.53E-011, 
  7.90,   3.02E-011, 
  8.00,   3.28E-011, 
  8.10,   8.35E-012, 
  8.20,  -5.78E-012, 
  8.30,   1.22E-011, 
  8.40,   6.43E-013, 
  8.50,   4.56E-011, 
  8.60,   8.42E-011, 
  8.70,   4.82E-011, 
  8.80,   2.51E-011, 
  8.90,  -7.07E-012, 
  9.00,  -1.67E-011, 
  9.10,   2.25E-011, 
  9.20,   1.41E-011, 
  9.30,  -2.31E-011, 
  9.40,   1.86E-011, 
  9.50,   2.96E-011, 
  9.60,   0.00E+000, 
  9.70,   3.86E-012, 
  9.80,  -2.63E-011, 
  9.90,   4.50E-012, 
 10.00,  -1.09E-011, 
 10.10,  -2.38E-011, 
 10.20,  -2.76E-011, 
 10.30,  -5.59E-011, 
 10.40,  -4.88E-011, 
 10.50,  -2.63E-011, 
 10.60,  -5.14E-012, 
 10.70,  -1.48E-011, 
 10.80,  -2.76E-011, 
 10.90,  -2.63E-011, 
 11.00,  -5.40E-011, 
 11.10,  -3.98E-011, 
 11.20,  -4.88E-011, 
 11.30,  -5.98E-011, 
 11.40,  -3.98E-011, 
 11.50,  -2.06E-011, 
 11.60,   1.02E-010, 
 11.70,   7.36E-010, 
 11.80,   1.52E-009, 
 11.90,   2.13E-009, 
 12.00,   2.56E-009, 
 12.10,   2.66E-009, 
 12.20,   2.29E-009, 
 12.30,   1.25E-009, 
 12.40,   5.42E-010, 
 12.50,   2.40E-010, 
 12.60,   1.22E-010, 
 12.70,   1.43E-010, 
 12.80,   2.35E-010, 
 12.90,   3.01E-010, 
 13.00,   3.31E-010, 
 13.10,   3.61E-010, 
 13.20,   3.14E-010, 
 13.30,   2.70E-010, 
 13.40,   2.39E-010, 
 13.50,   5.22E-010, 
 13.60,   2.33E-009, 
 13.70,   1.55E-008, 
 13.80,   2.47E-008, 
 13.90,   2.74E-008, 
 14.00,   2.88E-008, 
 14.10,   2.61E-008, 
 14.20,   1.87E-008, 
 14.30,   4.82E-009, 
 14.40,   1.48E-009, 
 14.50,   7.47E-010, 
 14.60,   5.78E-010, 
 14.70,   1.16E-009, 
 14.80,   2.23E-009, 
 14.90,   2.97E-009, 
 15.00,   3.41E-009, 
 15.10,   3.52E-009, 
 15.20,   3.08E-009, 
 15.30,   1.83E-009, 
 15.40,   9.91E-010, 
 15.50,   9.81E-010, 
 15.60,   2.82E-009, 
 15.70,   1.58E-008, 
 15.80,   2.49E-008, 
 15.90,   2.71E-008, 
 16.00,   2.76E-008, 
 16.10,   2.59E-008, 
 16.20,   1.87E-008, 
 16.30,   5.19E-009, 
 16.40,   2.40E-009, 
 16.50,   3.17E-009, 
 16.60,   1.71E-008, 
 16.70,   6.76E-008, 
 16.80,   8.83E-008, 
 16.90,   9.14E-008, 
 17.00,   9.22E-008, 
 17.10,   8.24E-008, 
 17.20,   5.22E-008, 
 17.30,   8.81E-009, 
 17.40,   5.25E-009, 
 17.50,   1.27E-008, 
 17.60,   7.61E-008, 
 17.70,   2.45E-007, 
 17.80,   3.03E-007, 
 17.90,   3.14E-007, 
 18.00,   3.12E-007, 
 18.10,   2.79E-007, 
 18.20,   1.68E-007, 
 18.30,   1.25E-008, 
 18.40,   2.50E-009, 
 18.50,   1.15E-009, 
 18.60,   7.67E-010, 
 18.70,   9.89E-010, 
 18.80,   1.45E-009, 
 18.90,   1.85E-009, 
 19.00,   1.98E-009, 
 19.10,   2.01E-009, 
 19.20,   1.71E-009, 
 19.30,   8.88E-010, 
 19.40,   4.51E-010, 
 19.50,   2.90E-010, 
 19.60,   2.39E-010, 
 19.70,   5.23E-010, 
 19.80,   8.37E-010, 
 19.90,   1.10E-009, 
 20.00,   1.24E-009, 
 20.10,   1.21E-009, 
 20.20,   9.77E-010, 
 20.30,   5.11E-010, 
 20.40,   2.26E-010, 
 20.50,   6.23E-011, 
 20.60,  -1.41E-011, 
 20.70,  -3.98E-011, 
 20.80,  -4.24E-011, 
 20.90,  -6.30E-011, 
 21.00,  -5.21E-011, 
 21.10,  -2.31E-011, 
 21.20,  -2.06E-011, 
 21.30,  -8.35E-012, 
 21.40,  -1.80E-011, 
 21.50,  -4.82E-011, 
 21.60,  -7.71E-012, 
 21.70,   5.14E-011, 
 21.80,   7.90E-011, 
 21.90,   1.28E-010, 
 22.00,   1.11E-010, 
 22.10,   1.50E-010, 
 22.20,   1.21E-010, 
 22.30,   5.59E-011, 
 22.40,  -6.43E-012, 
 22.50,  -5.01E-011, 
 22.60,  -3.34E-011, 
 22.70,  -1.29E-011, 
 22.80,  -1.54E-011, 
 22.90,  -5.46E-011, 
 23.00,  -6.23E-011, 
 23.10,  -1.80E-011, 
 23.20,  -2.38E-011, 
 23.30,  -1.74E-011, 
 23.40,  -1.54E-011, 
 23.50,  -2.06E-011, 
 23.60,   3.21E-012, 
 23.70,   2.63E-011, 
 23.80,  -1.16E-011, 
 23.90,  -3.02E-011, 
 24.00,   1.93E-011, 
 24.10,   7.71E-012, 
 24.20,   9.64E-012, 
 24.30,  -8.35E-012, 
 24.40,   6.43E-013, 
 24.50,   1.93E-012, 
 24.60,   4.95E-011, 
 24.70,   8.42E-011, 
 24.80,   1.77E-010, 
 24.90,   2.36E-010, 
 25.00,   1.71E-010, 
 25.10,   1.71E-010, 
 25.20,   1.55E-010, 
 25.30,   1.03E-010, 
 25.40,   7.90E-011, 
 25.50,   1.19E-010, 
 25.60,   2.52E-010, 
 25.70,   7.53E-010, 
 25.80,   1.35E-009, 
 25.90,   1.81E-009, 
 26.00,   2.03E-009, 
 26.10,   1.95E-009, 
 26.20,   1.60E-009, 
 26.30,   8.52E-010, 
 26.40,   5.26E-010, 
 26.50,   4.68E-010, 
 26.60,   8.92E-010, 
 26.70,   3.20E-009, 
 26.80,   6.45E-009, 
 26.90,   8.51E-009, 
 27.00,   8.88E-009, 
 27.10,   8.95E-009, 
 27.20,   7.97E-009, 
 27.30,   6.32E-009, 
 27.40,   1.10E-008, 
 27.50,   2.92E-008, 
 27.60,   1.53E-007, 
 27.70,   3.24E-007, 
 27.80,   3.98E-007, 
 27.90,   4.08E-007, 
 28.00,   3.87E-007, 
 28.10,   3.23E-007, 
 28.20,   1.20E-007, 
 28.30,   7.31E-009, 
 28.40,   2.23E-009, 
 28.50,   1.36E-009, 
 28.60,   1.80E-009, 
 28.70,   4.75E-009, 
 28.80,   8.12E-009, 
 28.90,   9.77E-009, 
 29.00,   9.67E-009, 
 29.10,   8.80E-009, 
 29.20,   5.90E-009, 
 29.30,   2.62E-009, 
 29.40,   2.09E-009, 
 29.50,   3.50E-009, 
 29.60,   1.99E-008, 
 29.70,   4.83E-008, 
 29.80,   6.16E-008, 
 29.90,   6.32E-008, 
 30.00,   6.00E-008, 
 30.10,   4.86E-008, 
 30.20,   1.87E-008, 
 30.30,   3.15E-009, 
 30.40,   1.19E-009, 
 30.50,   6.16E-010, 
 30.60,   4.61E-010, 
 30.70,   5.39E-010, 
 30.80,   7.86E-010, 
 30.90,   1.01E-009, 
 31.00,   1.15E-009, 
 31.10,   1.21E-009, 
 31.20,   1.17E-009, 
 31.30,   1.22E-009, 
 31.40,   1.89E-009, 
 31.50,   4.15E-009, 
 31.60,   2.45E-008, 
 31.70,   5.36E-008, 
 31.80,   6.83E-008, 
 31.90,   6.93E-008, 
 32.00,   6.65E-008, 
 32.10,   5.14E-008, 
 32.20,   1.72E-008, 
 32.30,   2.88E-009, 
 32.40,   1.13E-009, 
 32.50,   5.75E-010, 
 32.60,   2.81E-010, 
 32.70,   1.02E-010, 
 32.80,   8.35E-011, 
 32.90,   7.97E-011, 
 33.00,   9.77E-011, 
 33.10,   5.72E-011, 
 33.20,   6.36E-011, 
 33.30,   2.12E-011, 
 33.40,  -1.35E-011, 
 33.50,  -1.61E-011, 
 33.60,  -1.67E-011, 
 33.70,   4.50E-011, 
 33.80,   1.36E-010, 
 33.90,   2.01E-010, 
 34.00,   1.96E-010, 
 34.10,   1.41E-010, 
 34.20,   9.25E-011, 
 34.30,   2.83E-011, 
 34.40,  -1.41E-011, 
 34.50,  -4.18E-011, 
 34.60,  -5.14E-011, 
 34.70,  -2.96E-011, 
 34.80,   2.70E-011, 
 34.90,   8.68E-011, 
 35.00,   8.23E-011, 
 35.10,   7.07E-011, 
 35.20,   5.21E-011, 
 35.30,  -1.09E-011, 
 35.40,   6.43E-012, 
 35.50,  -2.25E-011, 
 35.60,   3.53E-011, 
 35.70,   1.48E-010, 
 35.80,   3.16E-010, 
 35.90,   3.81E-010, 
 36.00,   4.05E-010, 
 36.10,   3.94E-010, 
 36.20,   2.35E-010, 
 36.30,   5.85E-011, 
 36.40,   2.57E-011, 
 36.50,  -4.05E-011, 
 36.60,  -2.06E-011, 
 36.70,   2.83E-011, 
 36.80,   5.91E-011, 
 36.90,   1.14E-010, 
 37.00,   1.48E-010, 
 37.10,   2.20E-010, 
 37.20,   1.01E-010, 
 37.30,   1.03E-011, 
 37.40,  -3.34E-011, 
 37.50,  -3.73E-011, 
 37.60,  -2.31E-011, 
 37.70,   1.64E-010, 
 37.80,   4.25E-010, 
 37.90,   5.74E-010, 
 38.00,   6.43E-010, 
 38.10,   6.18E-010, 
 38.20,   4.73E-010, 
 38.30,   2.92E-010, 
 38.40,   2.19E-010, 
 38.50,   3.61E-010, 
 38.60,   8.55E-010, 
 38.70,   2.71E-009, 
 38.80,   5.28E-009, 
 38.90,   6.88E-009, 
 39.00,   7.48E-009, 
 39.10,   6.80E-009, 
 39.20,   4.05E-009, 
 39.30,   1.65E-009, 
 39.40,   9.25E-010, 
 39.50,   9.45E-010, 
 39.60,   2.55E-009, 
 39.70,   5.96E-009, 
 39.80,   8.59E-009, 
 39.90,   9.65E-009, 
 40.00,   9.71E-009, 
 40.10,   7.29E-009, 
 40.20,   3.18E-009, 
 40.30,   1.39E-009, 
 40.40,   8.57E-010, 
 40.50,   8.35E-010, 
 40.60,   1.62E-009, 
 40.70,   6.18E-009, 
 40.80,   1.20E-008, 
 40.90,   1.46E-008, 
 41.00,   1.57E-008, 
 41.10,   1.43E-008, 
 41.20,   7.75E-009, 
 41.30,   2.50E-009, 
 41.40,   1.09E-009, 
 41.50,   7.14E-010, 
 41.60,   7.56E-010, 
 41.70,   2.08E-009, 
 41.80,   3.99E-009, 
 41.90,   5.55E-009, 
 42.00,   6.22E-009, 
 42.10,   5.96E-009, 
 42.20,   3.85E-009, 
 42.30,   1.60E-009, 
 42.40,   7.15E-010, 
 42.50,   4.74E-010, 
 42.60,   5.20E-010, 
 42.70,   1.26E-009, 
 42.80,   2.40E-009, 
 42.90,   3.41E-009, 
 43.00,   4.10E-009, 
 43.10,   4.25E-009, 
 43.20,   3.26E-009, 
 43.30,   1.95E-009, 
 43.40,   1.64E-009, 
 43.50,   2.22E-009, 
 43.60,   9.11E-009, 
 43.70,   2.39E-008, 
 43.80,   3.09E-008, 
 43.90,   3.32E-008, 
 44.00,   3.36E-008, 
 44.10,   2.45E-008, 
 44.20,   7.68E-009, 
 44.30,   2.06E-009, 
 44.40,   9.07E-010, 
 44.50,   5.13E-010, 
 44.60,   3.39E-010, 
 44.70,   3.53E-010, 
 44.80,   4.21E-010, 
 44.90,   4.76E-010, 
 45.00,   5.48E-010, 
 45.10,   5.44E-010, 
 45.20,   3.78E-010, 
 45.30,   1.57E-010, 
 45.40,   6.23E-011, 
 45.50,   9.00E-012, 
 45.60,   3.21E-012, 
 45.70,   2.31E-011, 
 45.80,   7.26E-011, 
 45.90,   9.83E-011, 
 46.00,   1.26E-010, 
 46.10,   1.25E-010, 
 46.20,   1.14E-010, 
 46.30,   7.13E-011, 
 46.40,   2.96E-011, 
 46.50,  -4.50E-012, 
 46.60,  -5.78E-012, 
 46.70,   2.96E-011, 
 46.80,   8.74E-011, 
 46.90,   1.02E-010, 
 47.00,   8.74E-011, 
 47.10,   2.25E-011, 
 47.20,   6.43E-013, 
 47.30,  -4.31E-011, 
 47.40,  -4.50E-012, 
 47.50,  -2.06E-011, 
 47.60,  -5.40E-011, 
 47.70,  -5.66E-011, 
 47.80,  -3.28E-011, 
 47.90,  -5.14E-012, 
 48.00,   1.74E-011, 
 48.10,   5.01E-011, 
 48.20,  -3.86E-012, 
 48.30,  -3.79E-011, 
 48.40,  -1.67E-011, 
 48.50,  -5.27E-011, 
 48.60,  -4.88E-011, 
 48.70,  -1.74E-011, 
 48.80,  -2.31E-011, 
 48.90,   4.18E-011, 
 49.00,   8.74E-011, 
 49.10,   7.07E-011, 
 49.20,   2.57E-011, 
 49.30,   1.03E-011, 
 49.40,  -1.41E-011, 
 49.50,   1.61E-011, 
 49.60,   8.93E-011, 
 49.70,   2.11E-010, 
 49.80,   4.13E-010, 
 49.90,   5.69E-010, 
 50.00,   6.47E-010, 
 50.10,   6.41E-010, 
 50.20,   4.81E-010, 
 50.30,   1.94E-010, 
 50.40,   9.38E-011, 
 50.50,   8.42E-011, 
 50.60,   1.43E-010, 
 50.70,   2.49E-010, 
 50.80,   4.30E-010, 
 50.90,   6.18E-010, 
 51.00,   7.19E-010, 
 51.10,   7.68E-010, 
 51.20,   5.79E-010, 
 51.30,   3.14E-010, 
 51.40,   1.21E-010, 
 51.50,   4.18E-011, 
 51.60,   1.41E-011, 
 51.70,   1.14E-010, 
 51.80,   2.96E-010, 
 51.90,   3.80E-010, 
 52.00,   4.52E-010, 
 52.10,   4.88E-010, 
 52.20,   3.74E-010, 
 52.30,   1.72E-010, 
 52.40,   8.16E-011, 
 52.50,   7.01E-011, 
 52.60,   9.38E-011, 
 52.70,   3.08E-010, 
 52.80,   5.44E-010, 
 52.90,   7.47E-010, 
 53.00,   9.29E-010, 
 53.10,   1.01E-009, 
 53.20,   7.80E-010, 
 53.30,   4.22E-010, 
 53.40,   1.45E-010, 
 53.50,   8.29E-011, 
 53.60,   1.70E-010, 
 53.70,   5.24E-010, 
 53.80,   1.10E-009, 
 53.90,   1.62E-009, 
 54.00,   1.99E-009, 
 54.10,   2.11E-009, 
 54.20,   1.64E-009, 
 54.30,   9.43E-010, 
 54.40,   5.33E-010, 
 54.50,   4.23E-010, 
 54.60,   4.75E-010, 
 54.70,   1.24E-009, 
 54.80,   2.84E-009, 
 54.90,   4.41E-009, 
 55.00,   5.35E-009, 
 55.10,   5.67E-009, 
 55.20,   4.03E-009, 
 55.30,   1.97E-009, 
 55.40,   1.07E-009, 
 55.50,   8.84E-010, 
 55.60,   1.19E-009, 
 55.70,   3.70E-009, 
 55.80,   9.81E-009, 
 55.90,   1.38E-008, 
 56.00,   1.57E-008, 
 56.10,   1.53E-008, 
 56.20,   9.31E-009, 
 56.30,   3.27E-009, 
 56.40,   1.21E-009, 
 56.50,   6.16E-010, 
 56.60,   3.30E-010, 
 56.70,   2.96E-010, 
 56.80,   4.07E-010, 
 56.90,   5.37E-010, 
 57.00,   6.14E-010, 
 57.10,   6.19E-010, 
 57.20,   5.18E-010, 
 57.30,   2.65E-010, 
 57.40,   6.68E-011, 
 57.50,   4.18E-011, 
 57.60,   4.11E-011, 
 57.70,   6.43E-011, 
 57.80,   2.04E-010, 
 57.90,   2.64E-010, 
 58.00,   2.99E-010, 
 58.10,   3.19E-010, 
 58.20,   2.79E-010, 
 58.30,   8.42E-011, 
 58.40,   2.44E-011, 
 58.50,  -1.86E-011, 
 58.60,  -2.06E-011, 
 58.70,  -2.63E-011, 
 58.80,  -2.57E-011, 
 58.90,  -1.61E-011, 
 59.00,  -1.16E-011, 
 59.10,  -1.74E-011, 
 59.20,  -6.23E-011, 
 59.30,  -4.95E-011, 
 59.40,  -5.78E-011, 
 59.50,  -8.48E-011, 
 59.60,  -4.95E-011, 
 59.70,  -5.78E-011, 
 59.80,  -4.88E-011, 
 59.90,  -3.60E-011, 
 60.00,  -2.89E-011, 
 60.10,  -1.54E-011, 
 60.20,  -2.25E-011, 
 60.30,  -6.56E-011, 
 60.40,  -5.85E-011, 
 60.50,  -7.07E-011, 
 60.60,  -5.46E-011, 
 60.70,  -3.53E-011, 
 60.80,  -1.99E-011, 
 60.90,  -1.74E-011, 
 61.00,  -1.99E-011, 
 61.10,   0.00E+000, 
 61.20,   1.09E-011, 
 61.30,  -1.54E-011, 
 61.40,  -4.31E-011, 
 61.50,  -5.46E-011, 
 61.60,  -2.63E-011, 
 61.70,   7.07E-012, 
 61.80,  -3.28E-011, 
 61.90,  -3.66E-011, 
 62.00,  -3.21E-011, 
 62.10,  -5.72E-011, 
 62.20,  -4.50E-011, 
 62.30,  -1.22E-011, 
 62.40,  -2.31E-011, 
 62.50,  -3.08E-011, 
 62.60,  -3.15E-011, 
 62.70,  -3.60E-011, 
 62.80,   1.35E-011, 
 62.90,   8.35E-012, 
 63.00,   2.12E-011, 
 63.10,   3.73E-011, 
 63.20,   1.86E-011, 
 63.30,   2.83E-011, 
 63.40,   1.29E-012, 
 63.50,  -1.16E-011, 
 63.60,  -3.21E-012, 
 63.70,  -1.41E-011, 
 63.80,   3.86E-011, 
 63.90,   5.72E-011, 
 64.00,   3.60E-011, 
 64.10,   3.79E-011, 
 64.20,   4.43E-011, 
 64.30,   2.44E-011, 
 64.40,   4.18E-011, 
 64.50,   7.84E-011, 
 64.60,   6.30E-011, 
 64.70,   5.72E-011, 
 64.80,   9.19E-011, 
 64.90,   1.32E-010, 
 65.00,   1.52E-010, 
 65.10,   1.35E-010, 
 65.20,   1.24E-010, 
 65.30,   1.07E-010, 
 65.40,   9.38E-011, 
 65.50,   8.80E-011, 
 65.60,   5.14E-011, 
 65.70,   4.88E-011, 
 65.80,   8.61E-011, 
 65.90,   1.45E-010, 
 66.00,   2.15E-010, 
 66.10,   1.47E-010, 
 66.20,   6.11E-011, 
 66.30,   5.14E-012, 
 66.40,  -1.41E-011, 
 66.50,   2.76E-011, 
 66.60,   5.53E-011, 
 66.70,   2.56E-010, 
 66.80,   6.41E-010, 
 66.90,   1.04E-009, 
 67.00,   1.37E-009, 
 67.10,   1.52E-009, 
 67.20,   1.16E-009, 
 67.30,   6.17E-010, 
 67.40,   3.08E-010, 
 67.50,   1.05E-010, 
 67.60,   7.01E-011, 
 67.70,   4.50E-011, 
 67.80,   1.04E-010, 
 67.90,   2.51E-010, 
 68.00,   3.64E-010, 
 68.10,   3.30E-010, 
 68.20,   2.89E-010, 
 68.30,   1.29E-010, 
 68.40,   6.68E-011, 
 68.50,   8.03E-011, 
 68.60,   1.16E-010, 
 68.70,   4.34E-010, 
 68.80,   1.19E-009, 
 68.90,   1.98E-009, 
 69.00,   2.60E-009, 
 69.10,   2.90E-009, 
 69.20,   2.32E-009, 
 69.30,   1.20E-009, 
 69.40,   5.66E-010, 
 69.50,   2.72E-010, 
 69.60,   8.93E-011, 
 69.70,   5.85E-011, 
 69.80,   4.82E-011, 
 69.90,   6.68E-011, 
 70.00,   8.61E-011, 
 70.10,   9.51E-011, 
 70.20,   8.61E-011, 
 70.30,   2.57E-011, 
 70.40,   1.03E-011, 
 70.50,   1.09E-011, 
 70.60,  -2.31E-011, 
 70.70,  -4.56E-011, 
 70.80,  -6.94E-011, 
 70.90,  -6.04E-011, 
 71.00,  -5.14E-011, 
 71.10,  -4.43E-011, 
 71.20,  -2.57E-011, 
 71.30,  -4.76E-011, 
 71.40,  -8.35E-012, 
 71.50,  -3.34E-011, 
 71.60,  -3.15E-011, 
 71.70,  -8.42E-011, 
 71.80,  -6.49E-011, 
 71.90,  -5.21E-011, 
 72.00,  -4.11E-011, 
 72.10,  -2.06E-011, 
 72.20,  -2.70E-011, 
 72.30,  -3.79E-011, 
 72.40,  -5.01E-011, 
 72.50,  -4.11E-011, 
 72.60,  -9.00E-012, 
 72.70,   3.92E-011, 
 72.80,   7.07E-012, 
 72.90,  -1.93E-012, 
 73.00,  -2.31E-011, 
 73.10,   0.00E+000, 
 73.20,   1.35E-011, 
 73.30,  -8.35E-012, 
 73.40,  -1.29E-011, 
 73.50,  -3.21E-011, 
 73.60,  -1.41E-011, 
 73.70,  -1.93E-012, 
 73.80,  -2.57E-012, 
 73.90,   8.35E-012, 
 74.00,   3.79E-011, 
 74.10,   2.63E-011, 
 74.20,   3.86E-012, 
 74.30,  -4.69E-011, 
 74.40,  -4.88E-011, 
 74.50,  -4.43E-011, 
 74.60,  -5.21E-011, 
 74.70,  -6.62E-011, 
 74.80,  -5.72E-011, 
 74.90,  -8.35E-011, 
 75.00,  -5.78E-011, 
 75.10,  -7.07E-012, 
 75.20,  -7.71E-012, 
 75.30,  -5.78E-012, 
 75.40,  -2.19E-011, 
 75.50,  -3.92E-011, 
 75.60,  -5.01E-011, 
 75.70,  -5.14E-012, 
 75.80,   2.96E-011, 
 75.90,   1.54E-011, 
 76.00,  -3.02E-011, 
 76.10,  -3.98E-011, 
 76.20,  -9.64E-012, 
 76.30,  -3.41E-011, 
 76.40,  -3.02E-011, 
 76.50,  -3.21E-011, 
 76.60,  -1.48E-011, 
 76.70,  -1.29E-012, 
 76.80,   5.66E-011, 
 76.90,   1.45E-010, 
 77.00,   2.67E-010, 
 77.10,   2.94E-010, 
 77.20,   2.25E-010, 
 77.30,   8.68E-011, 
 77.40,   2.25E-011, 
 77.50,  -9.64E-012, 
 77.60,   1.09E-011, 
 77.70,   3.53E-011, 
 77.80,   1.88E-010, 
 77.90,   3.40E-010, 
 78.00,   4.56E-010, 
 78.10,   4.85E-010, 
 78.20,   4.05E-010, 
 78.30,   1.95E-010, 
 78.40,   5.53E-011, 
 78.50,  -1.93E-012, 
 78.60,   1.41E-011, 
 78.70,   7.71E-012, 
 78.80,   4.63E-011, 
 78.90,   8.87E-011, 
 79.00,   1.45E-010, 
 79.10,   1.47E-010, 
 79.20,   1.12E-010, 
 79.30,   3.02E-011, 
 79.40,  -1.35E-011, 
 79.50,  -1.48E-011, 
 79.60,  -2.76E-011, 
 79.70,  -2.89E-011, 
 79.80,  -4.76E-011, 
 79.90,  -3.73E-011, 
 80.00,   1.74E-011, 
 80.10,   1.61E-011, 
 80.20,  -1.22E-011, 
 80.30,  -2.44E-011, 
 80.40,   1.93E-012, 
 80.50,  -2.44E-011, 
 80.60,  -4.43E-011, 
 80.70,  -3.92E-011, 
 80.80,  -3.34E-011, 
 80.90,   1.67E-011, 
 81.00,   6.88E-011, 
 81.10,   7.71E-011, 
 81.20,   3.60E-011, 
 81.30,   6.43E-013, 
 81.40,  -3.34E-011, 
 81.50,  -2.76E-011, 
 81.60,   2.57E-012, 
 81.70,   1.29E-011, 
 81.80,   5.98E-011, 
 81.90,   1.33E-010, 
 82.00,   2.46E-010, 
 82.10,   3.07E-010, 
 82.20,   2.37E-010, 
 82.30,   1.09E-010, 
 82.40,   3.53E-011, 
 82.50,   1.61E-011, 
 82.60,   2.70E-011, 
 82.70,   8.68E-011, 
 82.80,   1.67E-010, 
 82.90,   3.39E-010, 
 83.00,   4.45E-010, 
 83.10,   4.56E-010, 
 83.20,   4.24E-010, 
 83.30,   3.46E-010, 
 83.40,   1.90E-010, 
 83.50,   1.41E-010, 
 83.60,   2.25E-010, 
 83.70,   4.57E-010, 
 83.80,   1.32E-009, 
 83.90,   3.00E-009, 
 84.00,   4.53E-009, 
 84.10,   5.33E-009, 
 84.20,   4.17E-009, 
 84.30,   2.24E-009, 
 84.40,   9.44E-010, 
 84.50,   4.79E-010, 
 84.60,   2.06E-010, 
 84.70,   1.05E-010, 
 84.80,   1.00E-010, 
 84.90,   2.56E-010, 
 85.00,   3.27E-010, 
 85.10,   3.43E-010, 
 85.20,   2.26E-010, 
 85.30,   9.13E-011, 
 85.40,   2.38E-011, 
 85.50,   1.80E-011, 
 85.60,   2.12E-011, 
 85.70,   3.15E-011, 
 85.80,   1.03E-011, 
 85.90,  -2.57E-012, 
 86.00,  -2.76E-011, 
 86.10,  -2.06E-011, 
 86.20,  -2.83E-011, 
 86.30,  -5.33E-011, 
 86.40,  -6.17E-011, 
 86.50,  -7.84E-011, 
 86.60,  -7.65E-011, 
 86.70,  -5.91E-011, 
 86.80,  -5.78E-011, 
 86.90,  -3.41E-011, 
 87.00,  -1.22E-011, 
 87.10,  -1.54E-011, 
 87.20,  -4.56E-011, 
 87.30,  -8.68E-011, 
 87.40,  -9.58E-011, 
 87.50,  -9.64E-011, 
 87.60,  -7.01E-011, 
 87.70,  -5.14E-011, 
 87.80,  -9.64E-012, 
 87.90,   2.51E-011, 
 88.00,   6.17E-011, 
 88.10,   8.80E-011, 
 88.20,   6.68E-011, 
 88.30,   8.35E-012, 
 88.40,  -4.82E-011, 
 88.50,  -5.40E-011, 
 88.60,  -2.76E-011, 
 88.70,  -3.21E-011, 
 88.80,   5.78E-012, 
 88.90,   7.07E-012, 
 89.00,   9.64E-012, 
 89.10,  -1.41E-011, 
 89.20,  -1.35E-011, 
 89.30,  -4.24E-011, 
 89.40,  -5.08E-011, 
 89.50,  -5.46E-011, 
 89.60,  -4.43E-011, 
 89.70,  -4.24E-011, 
 89.80,  -3.15E-011, 
 89.90,  -1.54E-011, 
 90.00,  -3.15E-011, 
 90.10,  -5.46E-011, 
 90.20,  -6.04E-011, 
 90.30,  -2.57E-012, 
 90.40,  -1.41E-011, 
 90.50,  -4.63E-011, 
 90.60,  -4.37E-011, 
 90.70,  -6.43E-012, 
 90.80,  -2.57E-012, 
 90.90,  -6.43E-013, 
 91.00,   4.43E-011, 
 91.10,   6.23E-011, 
 91.20,   3.28E-011, 
 91.30,  -1.74E-011, 
 91.40,  -3.86E-011, 
 91.50,  -2.57E-011, 
 91.60,  -1.03E-011, 
 91.70,  -3.86E-011, 
 91.80,  -4.56E-011, 
 91.90,  -5.14E-011, 
 92.00,   8.35E-012, 
 92.10,   0.00E+000, 
 92.20,  -1.93E-012, 
 92.30,  -2.06E-011, 
 92.40,  -4.24E-011, 
 92.50,  -4.95E-011, 
 92.60,  -6.56E-011, 
 92.70,  -5.40E-011, 
 92.80,  -4.11E-011, 
 92.90,  -4.05E-011, 
 93.00,  -3.02E-011, 
 93.10,  -3.73E-011, 
 93.20,  -2.70E-011, 
 93.30,  -7.07E-012, 
 93.40,  -3.60E-011, 
 93.50,  -2.44E-011, 
 93.60,  -3.53E-011, 
 93.70,  -1.41E-011, 
 93.80,  -2.57E-011, 
 93.90,  -2.44E-011, 
 94.00,  -2.57E-011, 
 94.10,  -2.25E-011, 
 94.20,  -2.76E-011, 
 94.30,  -4.18E-011, 
 94.40,  -3.98E-011, 
 94.50,  -4.95E-011, 
 94.60,  -3.86E-012, 
 94.70,  -1.61E-011, 
 94.80,  -6.17E-011, 
 94.90,  -8.61E-011, 
 95.00,  -8.29E-011, 
 95.10,  -6.68E-011, 
 95.20,  -7.78E-011, 
 95.30,  -4.37E-011, 
 95.40,  -5.27E-011, 
 95.50,  -6.68E-011, 
 95.60,  -7.07E-011, 
 95.70,  -4.88E-011, 
 95.80,  -1.48E-011, 
 95.90,  -4.82E-011, 
 96.00,  -6.36E-011, 
 96.10,  -3.53E-011, 
 96.20,  -2.06E-011, 
 96.30,  -8.80E-011, 
 96.40,  -6.94E-011, 
 96.50,  -2.51E-011, 
 96.60,  -3.66E-011, 
 96.70,  -3.86E-011, 
 96.80,  -7.46E-011, 
 96.90,  -5.98E-011, 
 97.00,  -5.78E-011, 
 97.10,  -3.47E-011, 
 97.20,  -6.04E-011, 
 97.30,  -2.19E-011, 
 97.40,  -3.60E-011, 
 97.50,  -3.92E-011, 
 97.60,  -5.01E-011, 
 97.70,  -4.95E-011, 
 97.80,  -7.33E-011, 
 97.90,  -3.86E-011, 
 98.00,  -4.88E-011, 
 98.10,  -4.18E-011, 
 98.20,  -4.76E-011, 
 98.30,  -7.13E-011, 
 98.40,  -9.38E-011, 
 98.50,  -8.03E-011, 
 98.60,  -8.23E-011, 
 98.70,  -8.10E-011, 
 98.80,  -3.92E-011, 
 98.90,  -3.53E-011, 
 99.00,  -5.01E-011, 
 99.10,  -4.56E-011, 
 99.20,  -2.63E-011, 
 99.30,  -4.37E-011, 
 99.40,  -6.75E-011, 
 99.50,  -5.78E-011, 
 99.60,  -5.14E-011, 
 99.70,  -5.40E-011, 
 99.80,  -4.88E-011, 
 99.90,  -2.57E-012, 
 100.00,  -7.71E-012, 
 100.10,  -1.29E-011, 
 100.20,  -1.99E-011, 
 100.30,   1.93E-012, 
 100.40,  -3.02E-011, 
 100.50,  -6.88E-011, 
 100.60,  -6.81E-011, 
 100.70,  -4.43E-011, 
 100.80,  -4.05E-011, 
 100.90,  -5.33E-011, 
 101.00,  -5.98E-011, 
 101.10,  -5.66E-011, 
 101.20,  -7.13E-011, 
 101.30,  -7.46E-011, 
 101.40,  -7.26E-011, 
 101.50,  -6.88E-011, 
 101.60,  -6.68E-011, 
 101.70,  -5.98E-011, 
 101.80,  -5.59E-011, 
 101.90,  -6.04E-011, 
 102.00,  -2.38E-011, 
 102.10,  -1.54E-011, 
 102.20,  -1.86E-011, 
 102.30,   8.35E-012, 
 102.40,  -2.70E-011, 
 102.50,  -6.11E-011, 
 102.60,  -4.56E-011, 
 102.70,  -2.70E-011, 
 102.80,  -2.12E-011, 
 102.90,  -4.37E-011, 
 103.00,  -2.96E-011, 
 103.10,  -5.01E-011, 
 103.20,  -6.62E-011, 
 103.30,  -8.03E-011, 
 103.40,  -6.94E-011, 
 103.50,  -7.01E-011, 
 103.60,  -7.39E-011, 
 103.70,  -7.90E-011, 
 103.80,  -9.06E-011, 
 103.90,  -8.55E-011, 
 104.00,  -4.56E-011, 
 104.10,  -3.08E-011, 
 104.20,  -1.67E-011, 
 104.30,  -1.35E-011, 
 104.40,  -3.41E-011, 
 104.50,  -4.69E-011, 
 104.60,  -3.86E-011, 
 104.70,  -3.41E-011, 
 104.80,  -3.60E-011, 
 104.90,  -4.05E-011, 
 105.00,  -3.60E-011, 
 105.10,  -4.69E-011, 
 105.20,  -3.66E-011, 
 105.30,  -4.24E-011, 
 105.40,  -4.63E-011, 
 105.50,  -3.28E-011, 
 105.60,  -6.43E-013, 
 105.70,  -4.37E-011, 
 105.80,  -8.61E-011, 
 105.90,  -1.32E-010, 
 106.00,  -9.38E-011, 
 106.10,  -3.92E-011, 
 106.20,  -3.21E-012, 
 106.30,  -3.15E-011, 
 106.40,  -2.96E-011, 
 106.50,  -2.76E-011, 
 106.60,  -4.56E-011, 
 106.70,  -1.74E-011, 
 106.80,  -3.66E-011, 
 106.90,  -5.53E-011, 
 107.00,  -6.23E-011, 
 107.10,  -5.66E-011, 
 107.20,  -5.14E-011, 
 107.30,  -6.43E-011, 
 107.40,  -3.79E-011, 
 107.50,  -2.76E-011, 
 107.60,  -2.31E-011, 
 107.70,  -3.53E-011, 
 107.80,  -2.83E-011, 
 107.90,  -1.93E-011, 
 108.00,  -2.25E-011, 
 108.10,  -1.99E-011, 
 108.20,  -3.34E-011, 
 108.30,  -5.91E-011, 
 108.40,  -5.91E-011, 
 108.50,  -4.82E-011, 
 108.60,  -3.34E-011, 
 108.70,  -4.37E-011, 
 108.80,  -3.08E-011, 
 108.90,  -4.11E-011, 
 109.00,  -6.11E-011, 
 109.10,  -4.82E-011, 
 109.20,  -2.38E-011, 
 109.30,  -9.00E-012, 
 109.40,  -1.80E-011, 
 109.50,  -4.95E-011, 
 109.60,  -5.78E-011, 
 109.70,  -5.85E-011, 
 109.80,  -2.76E-011, 
 109.90,  -1.74E-011, 
 110.00,  -3.53E-011, 
 110.10,  -2.89E-011, 
 110.20,  -9.00E-012, 
 110.30,  -7.71E-012, 
 110.40,   3.21E-012, 
 110.50,   2.57E-012, 
 110.60,  -2.06E-011, 
 110.70,  -3.92E-011, 
 110.80,  -3.98E-011, 
 110.90,  -4.43E-011, 
 111.00,  -6.49E-011, 
 111.10,  -5.78E-011, 
 111.20,  -6.04E-011, 
 111.30,  -6.30E-011, 
 111.40,  -4.63E-011, 
 111.50,  -5.53E-011, 
 111.60,  -4.95E-011, 
 111.70,  -6.36E-011, 
 111.80,  -7.20E-011, 
 111.90,  -6.17E-011, 
 112.00,  -7.39E-011, 
 112.10,  -5.27E-011, 
 112.20,  -5.53E-011, 
 112.30,  -7.01E-011, 
 112.40,  -5.14E-011, 
 112.50,  -4.69E-011, 
 112.60,  -4.50E-011, 
 112.70,  -1.93E-011, 
 112.80,  -3.79E-011, 
 112.90,  -5.59E-011, 
 113.00,  -4.95E-011, 
 113.10,  -6.56E-011, 
 113.20,  -4.82E-011, 
 113.30,  -4.05E-011, 
 113.40,  -3.02E-011, 
 113.50,  -2.12E-011, 
 113.60,  -3.34E-011, 
 113.70,  -2.70E-011, 
 113.80,  -4.11E-011, 
 113.90,  -2.25E-011, 
 114.00,  -4.69E-011, 
 114.10,  -1.93E-011, 
 114.20,  -3.15E-011, 
 114.30,  -6.04E-011, 
 114.40,  -6.17E-011, 
 114.50,  -3.53E-011, 
 114.60,  -3.34E-011, 
 114.70,  -2.19E-011, 
 114.80,  -3.34E-011, 
 114.90,  -7.52E-011, 
 115.00,  -5.33E-011, 
 115.10,  -2.89E-011, 
 115.20,  -3.66E-011, 
 115.30,  -4.31E-011, 
 115.40,  -5.91E-011, 
 115.50,  -4.88E-011, 
 115.60,  -4.82E-011, 
 115.70,  -3.79E-011, 
 115.80,  -5.59E-011, 
 115.90,  -5.66E-011, 
 116.00,  -3.21E-011, 
 116.10,  -2.57E-011, 
 116.20,  -2.63E-011, 
 116.30,  -3.79E-011, 
 116.40,  -5.91E-011, 
 116.50,  -7.13E-011, 
 116.60,  -6.36E-011, 
 116.70,  -7.13E-011, 
 116.80,  -8.35E-011, 
 116.90,  -6.68E-011, 
 117.00,  -5.01E-011, 
 117.10,  -1.99E-011, 
 117.20,   3.86E-012, 
 117.30,  -2.12E-011, 
 117.40,  -4.56E-011, 
 117.50,  -4.24E-011, 
 117.60,  -2.19E-011, 
 117.70,  -2.57E-012, 
 117.80,   5.14E-012, 
 117.90,  -1.41E-011, 
 118.00,  -5.21E-011, 
 118.10,  -6.04E-011, 
 118.20,  -4.11E-011, 
 118.30,  -3.66E-011, 
 118.40,  -3.15E-011, 
 118.50,  -5.53E-011, 
 118.60,  -6.36E-011, 
 118.70,  -5.78E-011, 
 118.80,  -6.88E-011, 
 118.90,  -8.16E-011, 
 119.00,  -6.88E-011, 
 119.10,  -8.61E-011, 
 119.20,  -6.68E-011, 
 119.30,  -2.51E-011, 
 119.40,  -1.86E-011, 
 119.50,  -2.44E-011, 
 119.60,  -1.09E-011, 
 119.70,   1.03E-011, 
 119.80,   5.14E-012, 
 119.90,  -1.67E-011, 
 120.00,  -1.29E-011, 
 120.10,  -4.95E-011, 
 120.20,  -3.41E-011, 
 120.30,  -4.63E-011, 
 120.40,  -5.98E-011, 
 120.50,  -7.07E-011, 
 120.60,  -6.30E-011, 
 120.70,  -7.13E-011, 
 120.80,  -5.91E-011, 
 120.90,  -6.11E-011, 
 121.00,  -3.53E-011, 
 121.10,  -5.40E-011, 
 121.20,  -2.06E-011, 
 121.30,  -1.61E-011, 
 121.40,  -3.92E-011, 
 121.50,  -3.34E-011, 
 121.60,   6.43E-012, 
 121.70,  -3.34E-011, 
 121.80,  -5.59E-011, 
 121.90,  -3.86E-011, 
 122.00,  -3.86E-012, 
 122.10,  -4.50E-012, 
 122.20,  -9.64E-012, 
 122.30,   7.07E-012, 
 122.40,   6.43E-013, 
 122.50,  -6.43E-013, 
 122.60,   2.06E-011, 
 122.70,   1.35E-011, 
 122.80,  -1.22E-011, 
 122.90,  -4.88E-011, 
 123.00,  -6.62E-011, 
 123.10,  -4.50E-011, 
 123.20,  -3.98E-011, 
 123.30,  -6.75E-011, 
 123.40,  -6.94E-011, 
 123.50,  -5.91E-011, 
 123.60,  -1.03E-011, 
 123.70,  -3.15E-011, 
 123.80,  -3.47E-011, 
 123.90,  -1.48E-011, 
 124.00,  -1.93E-012, 
 124.10,   1.61E-011, 
 124.20,  -8.35E-012, 
 124.30,  -4.69E-011, 
 124.40,  -7.71E-012, 
 124.50,  -2.31E-011, 
 124.60,  -3.60E-011, 
 124.70,  -5.66E-011, 
 124.80,  -1.22E-011, 
 124.90,   2.57E-011, 
 125.00,  -6.43E-013, 
 125.10,  -1.48E-011, 
 125.20,  -3.86E-012, 
 125.30,  -1.03E-011, 
 125.40,   5.78E-012, 
 125.50,  -7.71E-012, 
 125.60,  -1.99E-011, 
 125.70,  -3.79E-011, 
 125.80,  -5.27E-011, 
 125.90,  -1.80E-011, 
 126.00,  -5.78E-012, 
 126.10,   1.09E-011, 
 126.20,   2.76E-011, 
 126.30,  -6.43E-012, 
 126.40,  -1.74E-011, 
 126.50,   3.21E-012, 
 126.60,  -4.50E-012, 
 126.70,  -1.67E-011, 
 126.80,  -4.11E-011, 
 126.90,  -5.46E-011, 
 127.00,  -4.18E-011, 
 127.10,  -1.35E-011, 
 127.20,  -1.54E-011, 
 127.30,  -2.19E-011, 
 127.40,  -3.21E-012, 
 127.50,  -3.21E-012, 
 127.60,   6.43E-013, 
 127.70,  -2.76E-011, 
 127.80,   1.54E-011, 
 127.90,   3.92E-011, 
 128.00,  -7.71E-012, 
 128.10,   9.64E-012, 
 128.20,   5.14E-012, 
 128.30,  -2.44E-011, 
 128.40,  -3.34E-011, 
 128.50,   1.03E-011, 
 128.60,   1.41E-011, 
 128.70,   1.29E-011, 
 128.80,   1.93E-011, 
 128.90,   4.69E-011, 
 129.00,   6.11E-011, 
 129.10,   9.58E-011, 
 129.20,   6.94E-011, 
 129.30,   3.86E-011, 
 129.40,  -1.93E-012, 
 129.50,   2.06E-011, 
 129.60,   0.00E+000, 
 129.70,   1.48E-011, 
 129.80,  -6.43E-012, 
 129.90,  -2.96E-011, 
 130.00,  -1.16E-011, 
 130.10,  -1.29E-011, 
 130.20,  -1.67E-011, 
 130.30,  -3.28E-011, 
 130.40,  -4.82E-011, 
 130.50,  -4.88E-011, 
 130.60,  -3.98E-011, 
 130.70,  -3.08E-011, 
 130.80,  -1.86E-011, 
 130.90,   2.31E-011, 
 131.00,   5.59E-011, 
 131.10,   6.94E-011, 
 131.20,   4.43E-011, 
 131.30,   3.86E-011, 
 131.40,   3.28E-011, 
 131.50,  -1.48E-011, 
 131.60,  -4.43E-011, 
 131.70,  -4.69E-011, 
 131.80,  -3.92E-011, 
 131.90,   1.16E-011, 
 132.00,   3.53E-011, 
 132.10,   1.86E-011, 
 132.20,  -9.00E-012, 
 132.30,  -2.51E-011, 
 132.40,  -3.66E-011, 
 132.50,  -5.21E-011, 
 132.60,  -2.06E-011, 
 132.70,  -3.47E-011, 
 132.80,  -5.78E-011, 
 132.90,  -4.69E-011, 
 133.00,  -3.66E-011, 
 133.10,  -3.98E-011, 
 133.20,  -3.98E-011, 
 133.30,  -1.86E-011, 
 133.40,  -8.35E-012, 
 133.50,  -5.14E-011, 
 133.60,  -5.66E-011, 
 133.70,  -4.43E-011, 
 133.80,  -3.60E-011, 
 133.90,  -3.92E-011, 
 134.00,  -3.86E-012, 
 134.10,   3.21E-012, 
 134.20,  -3.66E-011, 
 134.30,  -3.66E-011, 
 134.40,  -3.15E-011, 
 134.50,  -3.73E-011, 
 134.60,  -4.43E-011, 
 134.70,  -7.78E-011, 
 134.80,  -5.59E-011, 
 134.90,  -4.76E-011, 
 135.00,  -3.53E-011, 
 135.10,  -1.99E-011, 
 135.20,  -4.76E-011, 
 135.30,  -4.43E-011, 
 135.40,  -3.28E-011, 
 135.50,  -1.80E-011, 
 135.60,  -2.57E-012, 
 135.70,  -2.57E-011, 
 135.80,   5.78E-012, 
 135.90,   1.29E-011, 
 136.00,   7.71E-012, 
 136.10,  -3.21E-012, 
 136.20,   1.48E-011, 
 136.30,  -1.99E-011, 
 136.40,  -4.50E-011, 
 136.50,  -7.90E-011, 
 136.60,  -7.01E-011, 
 136.70,  -5.46E-011, 
 136.80,  -2.63E-011, 
 136.90,  -3.34E-011, 
 137.00,  -8.35E-012, 
 137.10,  -3.86E-011, 
 137.20,  -2.44E-011, 
 137.30,  -2.44E-011, 
 137.40,  -2.25E-011, 
 137.50,  -4.05E-011, 
 137.60,  -6.68E-011, 
 137.70,  -5.59E-011, 
 137.80,  -3.15E-011, 
 137.90,  -8.35E-011, 
 138.00,  -1.12E-010, 
 138.10,  -8.74E-011, 
 138.20,  -4.88E-011, 
 138.30,  -4.95E-011, 
 138.40,  -3.34E-011, 
 138.50,  -2.06E-011, 
 138.60,  -4.82E-011, 
 138.70,  -2.76E-011, 
 138.80,  -4.11E-011, 
 138.90,  -6.17E-011, 
 139.00,  -6.62E-011, 
 139.10,  -4.69E-011, 
 139.20,  -5.21E-011, 
 139.30,  -2.83E-011, 
 139.40,  -1.74E-011, 
 139.50,  -4.82E-011, 
 139.60,  -5.33E-011, 
 139.70,  -3.08E-011, 
 139.80,  -3.21E-011, 
 139.90,  -5.66E-011, 
 140.00,  -3.98E-011, 
 140.10,  -5.91E-011, 
 140.20,  -2.96E-011, 
 140.30,  -4.50E-011, 
 140.40,  -5.98E-011, 
 140.50,  -5.14E-011, 
 140.60,  -4.88E-011, 
 140.70,  -4.63E-011, 
 140.80,  -7.07E-012, 
 140.90,  -4.76E-011, 
 141.00,  -6.88E-011, 
 141.10,  -7.07E-011, 
 141.20,  -6.36E-011, 
 141.30,  -7.39E-011, 
 141.40,  -6.04E-011, 
 141.50,  -4.76E-011, 
 141.60,  -3.21E-011, 
 141.70,  -2.06E-011, 
 141.80,  -3.98E-011, 
 141.90,  -1.99E-011, 
 142.00,  -3.21E-011, 
 142.10,  -5.27E-011, 
 142.20,  -9.58E-011, 
 142.30,  -5.78E-011, 
 142.40,  -4.37E-011, 
 142.50,  -6.17E-011, 
 142.60,  -3.79E-011, 
 142.70,  -1.22E-011, 
 142.80,  -1.29E-011, 
 142.90,  -2.31E-011, 
 143.00,  -4.56E-011, 
 143.10,  -5.40E-011, 
 143.20,  -6.43E-012, 
 143.30,  -8.68E-011, 
 143.40,  -8.29E-011, 
 143.50,  -4.11E-011, 
 143.60,  -3.02E-011, 
 143.70,  -6.17E-011, 
 143.80,  -6.36E-011, 
 143.90,  -6.88E-011, 
 144.00,  -3.41E-011, 
 144.10,  -4.88E-011, 
 144.20,  -3.60E-011, 
 144.30,  -6.23E-011, 
 144.40,  -4.69E-011, 
 144.50,  -4.95E-011, 
 144.60,  -8.68E-011, 
 144.70,  -5.66E-011, 
 144.80,  -4.11E-011, 
 144.90,  -7.78E-011, 
 145.00,  -7.01E-011, 
 145.10,  -3.66E-011, 
 145.20,  -2.51E-011, 
 145.30,  -4.76E-011, 
 145.40,  -6.36E-011, 
 145.50,  -6.49E-011, 
 145.60,  -4.11E-011, 
 145.70,  -4.50E-011, 
 145.80,  -5.21E-011, 
 145.90,  -4.76E-011, 
 146.00,  -6.04E-011, 
 146.10,  -3.15E-011, 
 146.20,  -2.89E-011, 
 146.30,  -4.95E-011, 
 146.40,  -6.68E-011, 
 146.50,  -7.58E-011, 
 146.60,  -1.03E-010, 
 146.70,  -9.51E-011, 
 146.80,  -9.32E-011, 
 146.90,  -6.11E-011, 
 147.00,  -4.43E-011, 
 147.10,  -4.18E-011, 
 147.20,  -5.46E-011, 
 147.30,  -4.18E-011, 
 147.40,  -5.01E-011, 
 147.50,  -5.72E-011, 
 147.60,  -6.36E-011, 
 147.70,  -6.36E-011, 
 147.80,  -6.11E-011, 
 147.90,  -6.56E-011, 
 148.00,  -5.46E-011, 
 148.10,  -5.53E-011, 
 148.20,  -2.51E-011, 
 148.30,  -4.56E-011, 
 148.40,  -5.85E-011, 
 148.50,  -6.04E-011, 
 148.60,  -5.53E-011, 
 148.70,  -4.37E-011, 
 148.80,  -5.53E-011, 
 148.90,  -5.33E-011, 
 149.00,  -5.66E-011, 
 149.10,  -7.07E-011, 
 149.20,  -6.43E-011, 
 149.30,  -4.56E-011, 
 149.40,  -4.31E-011, 
 149.50,  -5.72E-011, 
 149.60,  -8.35E-011, 
 149.70,  -6.23E-011, 
 149.80,  -3.53E-011, 
 149.90,   5.14E-012, 
 150.00,  -7.07E-012, 
