Jan 01, 2004  02:07:10 AM
Residual Gas Analyzer Software 
Software Version, 3.214.004

Analog Scan Setup:

Data Points in Scan, 601 
Units, Torr 
Noise Floor, 0 
CEM Status, OFF 
Points Per AMU, 10
Scan Start Mass, 30, amu 
Scan Stop Mass, 90, amu
Focus Voltage, 90, Volts 
Ion Energy, HIGH 
Electron Energy, 70, eV 
CEM Voltage, 1000, Volts
CEM Gain, 1.00E+006 
Sensitivity Factor, 1.56E-004 
Filament Current, 1.00, mAmps


 30.00,   1.06E-007, 
 30.10,   9.63E-008, 
 30.20,   7.28E-008, 
 30.30,   1.49E-008, 
 30.40,   2.58E-009, 
 30.50,   1.14E-009, 
 30.60,   7.64E-010, 
 30.70,   6.90E-010, 
 30.80,   8.19E-010, 
 30.90,   1.04E-009, 
 31.00,   1.18E-009, 
 31.10,   1.34E-009, 
 31.20,   1.46E-009, 
 31.30,   1.52E-009, 
 31.40,   3.35E-009, 
 31.50,   7.00E-009, 
 31.60,   3.21E-008, 
 31.70,   1.09E-007, 
 31.80,   1.52E-007, 
 31.90,   1.59E-007, 
 32.00,   1.61E-007, 
 32.10,   1.41E-007, 
 32.20,   1.07E-007, 
 32.30,   1.95E-008, 
 32.40,   2.82E-009, 
 32.50,   1.15E-009, 
 32.60,   5.89E-010, 
 32.70,   3.62E-010, 
 32.80,   3.05E-010, 
 32.90,   2.28E-010, 
 33.00,   2.08E-010, 
 33.10,   2.57E-010, 
 33.20,   2.40E-010, 
 33.30,   1.20E-010, 
 33.40,   5.53E-011, 
 33.50,  -2.57E-012, 
 33.60,   1.22E-011, 
 33.70,   1.56E-010, 
 33.80,   3.37E-010, 
 33.90,   4.79E-010, 
 34.00,   5.62E-010, 
 34.10,   5.55E-010, 
 34.20,   5.12E-010, 
 34.30,   3.26E-010, 
 34.40,   1.15E-010, 
 34.50,   1.80E-011, 
 34.60,   9.00E-012, 
 34.70,   4.95E-011, 
 34.80,   1.06E-010, 
 34.90,   2.56E-010, 
 35.00,   2.80E-010, 
 35.10,   2.83E-010, 
 35.20,   2.54E-010, 
 35.30,   8.16E-011, 
 35.40,   4.31E-011, 
 35.50,   4.24E-011, 
 35.60,   1.02E-010, 
 35.70,   3.65E-010, 
 35.80,   5.92E-010, 
 35.90,   7.21E-010, 
 36.00,   8.73E-010, 
 36.10,   9.17E-010, 
 36.20,   8.62E-010, 
 36.30,   5.35E-010, 
 36.40,   2.78E-010, 
 36.50,   4.50E-011, 
 36.60,   6.43E-012, 
 36.70,   1.67E-011, 
 36.80,   4.43E-011, 
 36.90,   1.09E-010, 
 37.00,   1.20E-010, 
 37.10,   1.27E-010, 
 37.20,   1.18E-010, 
 37.30,   6.56E-011, 
 37.40,  -1.22E-011, 
 37.50,   3.21E-012, 
 37.60,   3.41E-011, 
 37.70,   1.21E-010, 
 37.80,   2.96E-010, 
 37.90,   3.76E-010, 
 38.00,   4.31E-010, 
 38.10,   4.46E-010, 
 38.20,   4.51E-010, 
 38.30,   3.80E-010, 
 38.40,   2.78E-010, 
 38.50,   2.35E-010, 
 38.60,   4.16E-010, 
 38.70,   1.27E-009, 
 38.80,   2.56E-009, 
 38.90,   3.45E-009, 
 39.00,   3.96E-009, 
 39.10,   4.01E-009, 
 39.20,   3.45E-009, 
 39.30,   2.07E-009, 
 39.40,   1.43E-009, 
 39.50,   1.73E-009, 
 39.60,   5.31E-009, 
 39.70,   2.15E-008, 
 39.80,   3.22E-008, 
 39.90,   3.30E-008, 
 40.00,   3.55E-008, 
 40.10,   3.23E-008, 
 40.20,   2.13E-008, 
 40.30,   6.36E-009, 
 40.40,   3.95E-009, 
 40.50,   6.11E-009, 
 40.60,   2.52E-008, 
 40.70,   7.30E-008, 
 40.80,   1.03E-007, 
 40.90,   1.04E-007, 
 41.00,   1.17E-007, 
 41.10,   1.30E-007, 
 41.20,   1.23E-007, 
 41.30,   1.05E-007, 
 41.40,   1.09E-007, 
 41.50,   1.40E-007, 
 41.60,   2.36E-007, 
 41.70,   3.81E-007, 
 41.80,   4.59E-007, 
 41.90,   4.53E-007, 
 42.00,   4.98E-007, 
 42.10,   4.46E-007, 
 42.20,   2.21E-007, 
 42.30,   1.99E-008, 
 42.40,   6.13E-009, 
 42.50,   8.58E-009, 
 42.60,   3.57E-008, 
 42.70,   1.04E-007, 
 42.80,   1.43E-007, 
 42.90,   1.40E-007, 
 43.00,   1.56E-007, 
 43.10,   1.45E-007, 
 43.20,   7.85E-008, 
 43.30,   1.28E-008, 
 43.40,   4.01E-009, 
 43.50,   4.15E-009, 
 43.60,   9.44E-009, 
 43.70,   4.43E-008, 
 43.80,   8.15E-008, 
 43.90,   9.22E-008, 
 44.00,   9.68E-008, 
 44.10,   8.98E-008, 
 44.20,   6.83E-008, 
 44.30,   1.77E-008, 
 44.40,   2.90E-009, 
 44.50,   1.19E-009, 
 44.60,   6.91E-010, 
 44.70,   6.00E-010, 
 44.80,   8.13E-010, 
 44.90,   1.13E-009, 
 45.00,   1.25E-009, 
 45.10,   1.40E-009, 
 45.20,   1.42E-009, 
 45.30,   9.76E-010, 
 45.40,   4.92E-010, 
 45.50,   2.58E-010, 
 45.60,   1.09E-010, 
 45.70,   1.13E-010, 
 45.80,   1.71E-010, 
 45.90,   2.92E-010, 
 46.00,   3.73E-010, 
 46.10,   4.32E-010, 
 46.20,   4.16E-010, 
 46.30,   3.21E-010, 
 46.40,   1.74E-010, 
 46.50,   7.52E-011, 
 46.60,   3.92E-011, 
 46.70,   6.43E-013, 
 46.80,  -7.71E-012, 
 46.90,   3.15E-011, 
 47.00,   5.66E-011, 
 47.10,   2.76E-011, 
 47.20,   6.43E-012, 
 47.30,   8.35E-012, 
 47.40,  -1.09E-011, 
 47.50,  -4.95E-011, 
 47.60,  -3.86E-011, 
 47.70,  -1.22E-011, 
 47.80,   2.12E-011, 
 47.90,   8.03E-011, 
 48.00,   7.78E-011, 
 48.10,   4.95E-011, 
 48.20,   5.21E-011, 
 48.30,   3.41E-011, 
 48.40,   5.66E-011, 
 48.50,   6.68E-011, 
 48.60,   5.59E-011, 
 48.70,   2.96E-011, 
 48.80,   1.93E-011, 
 48.90,   1.22E-011, 
 49.00,   1.80E-011, 
 49.10,   6.36E-011, 
 49.20,   6.04E-011, 
 49.30,   6.81E-011, 
 49.40,   4.82E-011, 
 49.50,   5.40E-011, 
 49.60,   3.66E-011, 
 49.70,   5.53E-011, 
 49.80,   2.32E-010, 
 49.90,   3.77E-010, 
 50.00,   4.79E-010, 
 50.10,   5.71E-010, 
 50.20,   5.55E-010, 
 50.30,   4.38E-010, 
 50.40,   2.75E-010, 
 50.50,   1.04E-010, 
 50.60,   7.71E-011, 
 50.70,   5.46E-011, 
 50.80,   2.44E-011, 
 50.90,   3.66E-011, 
 51.00,   3.98E-011, 
 51.10,   1.11E-010, 
 51.20,   1.47E-010, 
 51.30,   8.93E-011, 
 51.40,  -1.93E-012, 
 51.50,  -3.86E-012, 
 51.60,  -1.86E-011, 
 51.70,   1.86E-011, 
 51.80,   7.52E-011, 
 51.90,   2.04E-010, 
 52.00,   2.28E-010, 
 52.10,   2.43E-010, 
 52.20,   2.24E-010, 
 52.30,   8.61E-011, 
 52.40,   6.17E-011, 
 52.50,   3.53E-011, 
 52.60,  -7.07E-012, 
 52.70,  -1.93E-012, 
 52.80,  -6.43E-013, 
 52.90,   3.66E-011, 
 53.00,   7.33E-011, 
 53.10,   1.02E-010, 
 53.20,   1.25E-010, 
 53.30,   5.14E-011, 
 53.40,  -6.43E-012, 
 53.50,  -4.24E-011, 
 53.60,  -3.73E-011, 
 53.70,  -3.47E-011, 
 53.80,  -5.78E-012, 
 53.90,   4.69E-011, 
 54.00,   1.13E-010, 
 54.10,   2.01E-010, 
 54.20,   2.46E-010, 
 54.30,   2.26E-010, 
 54.40,   1.12E-010, 
 54.50,   4.88E-011, 
 54.60,   1.03E-011, 
 54.70,   3.21E-012, 
 54.80,   3.73E-011, 
 54.90,   1.02E-010, 
 55.00,   2.80E-010, 
 55.10,   3.03E-010, 
 55.20,   3.57E-010, 
 55.30,   3.35E-010, 
 55.40,   2.17E-010, 
 55.50,   8.29E-011, 
 55.60,   6.56E-011, 
 55.70,   6.17E-011, 
 55.80,   1.45E-010, 
 55.90,   3.89E-010, 
 56.00,   5.99E-010, 
 56.10,   7.28E-010, 
 56.20,   8.26E-010, 
 56.30,   8.00E-010, 
 56.40,   5.34E-010, 
 56.50,   3.12E-010, 
 56.60,   1.23E-010, 
 56.70,   1.99E-011, 
 56.80,   2.44E-011, 
 56.90,   6.88E-011, 
 57.00,   8.74E-011, 
 57.10,   8.74E-011, 
 57.20,   1.21E-010, 
 57.30,   1.14E-010, 
 57.40,   7.90E-011, 
 57.50,   1.80E-011, 
 57.60,   3.86E-012, 
 57.70,  -6.43E-013, 
 57.80,   2.19E-011, 
 57.90,   1.07E-010, 
 58.00,   2.29E-010, 
 58.10,   2.35E-010, 
 58.20,   2.26E-010, 
 58.30,   1.71E-010, 
 58.40,   6.43E-011, 
 58.50,   3.02E-011, 
 58.60,   3.08E-011, 
 58.70,   1.54E-011, 
 58.80,  -1.16E-011, 
 58.90,  -4.50E-012, 
 59.00,   9.64E-012, 
 59.10,  -9.00E-012, 
 59.20,  -3.92E-011, 
 59.30,  -4.76E-011, 
 59.40,  -1.86E-011, 
 59.50,  -3.86E-011, 
 59.60,  -6.81E-011, 
 59.70,  -7.01E-011, 
 59.80,  -3.41E-011, 
 59.90,  -1.16E-011, 
 60.00,  -1.29E-011, 
 60.10,  -2.96E-011, 
 60.20,  -2.57E-012, 
 60.30,   1.67E-011, 
 60.40,   3.53E-011, 
 60.50,   1.03E-011, 
 60.60,  -1.35E-011, 
 60.70,   6.43E-013, 
 60.80,   9.64E-012, 
 60.90,  -1.74E-011, 
 61.00,   5.14E-012, 
 61.10,   1.29E-012, 
 61.20,   9.64E-012, 
 61.30,   3.86E-012, 
 61.40,  -4.37E-011, 
 61.50,  -4.63E-011, 
 61.60,  -2.12E-011, 
 61.70,  -3.86E-012, 
 61.80,  -1.09E-011, 
 61.90,  -1.99E-011, 
 62.00,  -2.44E-011, 
 62.10,  -3.66E-011, 
 62.20,   7.07E-012, 
 62.30,   1.16E-011, 
 62.40,  -3.21E-011, 
 62.50,  -2.25E-011, 
 62.60,  -1.35E-011, 
 62.70,  -1.48E-011, 
 62.80,  -1.93E-012, 
 62.90,  -4.69E-011, 
 63.00,  -1.67E-011, 
 63.10,   1.41E-011, 
 63.20,   1.67E-011, 
 63.30,   5.78E-012, 
 63.40,   9.64E-012, 
 63.50,  -5.78E-012, 
 63.60,  -3.86E-012, 
 63.70,   3.21E-012, 
 63.80,   2.12E-011, 
 63.90,   9.90E-011, 
 64.00,   1.15E-010, 
 64.10,   1.46E-010, 
 64.20,   2.21E-010, 
 64.30,   1.02E-010, 
 64.40,   3.98E-011, 
 64.50,   2.38E-011, 
 64.60,  -7.07E-012, 
 64.70,  -1.93E-011, 
 64.80,  -1.41E-011, 
 64.90,  -7.71E-012, 
 65.00,   3.41E-011, 
 65.10,   2.96E-011, 
 65.20,   1.41E-011, 
 65.30,   1.80E-011, 
 65.40,  -2.12E-011, 
 65.50,   4.50E-012, 
 65.60,  -2.57E-012, 
 65.70,  -3.21E-012, 
 65.80,   3.41E-011, 
 65.90,   5.21E-011, 
 66.00,   2.31E-011, 
 66.10,   2.57E-011, 
 66.20,   2.06E-011, 
 66.30,   1.48E-011, 
 66.40,   3.34E-011, 
 66.50,   3.47E-011, 
 66.60,   6.43E-013, 
 66.70,  -3.86E-012, 
 66.80,   1.22E-011, 
 66.90,   3.28E-011, 
 67.00,   6.94E-011, 
 67.10,   1.20E-010, 
 67.20,   1.85E-010, 
 67.30,   1.75E-010, 
 67.40,   8.48E-011, 
 67.50,   4.50E-011, 
 67.60,   4.05E-011, 
 67.70,   3.98E-011, 
 67.80,   1.67E-011, 
 67.90,   3.47E-011, 
 68.00,   4.05E-011, 
 68.10,   6.43E-012, 
 68.20,   4.05E-011, 
 68.30,   6.43E-011, 
 68.40,   5.72E-011, 
 68.50,   2.38E-011, 
 68.60,   2.89E-011, 
 68.70,   1.74E-011, 
 68.80,   6.43E-012, 
 68.90,   3.53E-011, 
 69.00,   7.90E-011, 
 69.10,   1.57E-010, 
 69.20,   2.35E-010, 
 69.30,   1.65E-010, 
 69.40,   1.64E-010, 
 69.50,   5.66E-011, 
 69.60,   5.78E-011, 
 69.70,   5.78E-011, 
 69.80,   1.16E-011, 
 69.90,   3.02E-011, 
 70.00,   1.99E-011, 
 70.10,   5.27E-011, 
 70.20,   7.46E-011, 
 70.30,   6.68E-011, 
 70.40,   5.27E-011, 
 70.50,   4.76E-011, 
 70.60,   2.19E-011, 
 70.70,   2.70E-011, 
 70.80,   6.43E-013, 
 70.90,  -6.43E-013, 
 71.00,   1.03E-011, 
 71.10,   6.04E-011, 
 71.20,   6.75E-011, 
 71.30,  -2.57E-012, 
 71.40,   7.71E-012, 
 71.50,  -2.83E-011, 
 71.60,  -3.60E-011, 
 71.70,  -3.47E-011, 
 71.80,  -3.79E-011, 
 71.90,  -4.50E-012, 
 72.00,   2.83E-011, 
 72.10,   5.46E-011, 
 72.20,   4.76E-011, 
 72.30,   2.57E-012, 
 72.40,  -5.91E-011, 
 72.50,  -3.28E-011, 
 72.60,  -2.96E-011, 
 72.70,  -1.29E-011, 
 72.80,  -4.50E-012, 
 72.90,   1.80E-011, 
 73.00,   1.29E-012, 
 73.10,  -3.86E-012, 
 73.20,  -1.03E-011, 
 73.30,  -7.71E-012, 
 73.40,  -2.57E-012, 
 73.50,   1.22E-011, 
 73.60,   3.02E-011, 
 73.70,   9.64E-012, 
 73.80,  -1.54E-011, 
 73.90,  -1.99E-011, 
 74.00,   3.86E-012, 
 74.10,  -2.06E-011, 
 74.20,  -1.67E-011, 
 74.30,  -3.86E-012, 
 74.40,   1.80E-011, 
 74.50,   4.82E-011, 
 74.60,   2.96E-011, 
 74.70,  -1.29E-011, 
 74.80,  -4.88E-011, 
 74.90,   5.78E-012, 
 75.00,   1.48E-011, 
 75.10,  -2.83E-011, 
 75.20,   2.57E-012, 
 75.30,   7.07E-012, 
 75.40,  -1.99E-011, 
 75.50,  -4.11E-011, 
 75.60,  -2.89E-011, 
 75.70,  -3.98E-011, 
 75.80,  -3.02E-011, 
 75.90,  -3.28E-011, 
 76.00,  -1.09E-011, 
 76.10,  -1.35E-011, 
 76.20,  -6.43E-012, 
 76.30,  -2.06E-011, 
 76.40,  -1.03E-011, 
 76.50,   1.29E-012, 
 76.60,   4.76E-011, 
 76.70,   4.31E-011, 
 76.80,   2.96E-011, 
 76.90,   5.98E-011, 
 77.00,   8.68E-011, 
 77.10,   1.27E-010, 
 77.20,   2.29E-010, 
 77.30,   2.17E-010, 
 77.40,   2.05E-010, 
 77.50,   2.79E-010, 
 77.60,   4.11E-010, 
 77.70,   1.12E-009, 
 77.80,   4.63E-009, 
 77.90,   9.11E-009, 
 78.00,   1.15E-008, 
 78.10,   1.18E-008, 
 78.20,   9.07E-009, 
 78.30,   4.58E-009, 
 78.40,   1.60E-009, 
 78.50,   7.32E-010, 
 78.60,   4.88E-010, 
 78.70,   4.14E-010, 
 78.80,   4.41E-010, 
 78.90,   5.78E-010, 
 79.00,   7.65E-010, 
 79.10,   9.59E-010, 
 79.20,   1.12E-009, 
 79.30,   1.23E-009, 
 79.40,   1.45E-009, 
 79.50,   1.92E-009, 
 79.60,   3.26E-009, 
 79.70,   1.20E-008, 
 79.80,   4.51E-008, 
 79.90,   6.18E-008, 
 80.00,   7.35E-008, 
 80.10,   7.44E-008, 
 80.20,   4.91E-008, 
 80.30,   1.91E-008, 
 80.40,   3.57E-009, 
 80.50,   1.76E-009, 
 80.60,   1.52E-009, 
 80.70,   1.82E-009, 
 80.80,   2.43E-009, 
 80.90,   3.35E-009, 
 81.00,   4.19E-009, 
 81.10,   4.86E-009, 
 81.20,   5.63E-009, 
 81.30,   6.42E-009, 
 81.40,   8.26E-009, 
 81.50,   1.17E-008, 
 81.60,   2.27E-008, 
 81.70,   7.64E-008, 
 81.80,   2.36E-007, 
 81.90,   3.04E-007, 
 82.00,   3.51E-007, 
 82.10,   3.54E-007, 
 82.20,   2.34E-007, 
 82.30,   8.95E-008, 
 82.40,   1.36E-008, 
 82.50,   1.45E-008, 
 82.60,   2.61E-008, 
 82.70,   6.81E-008, 
 82.80,   2.22E-007, 
 82.90,   2.99E-007, 
 83.00,   3.51E-007, 
 83.10,   3.65E-007, 
 83.20,   2.58E-007, 
 83.30,   1.07E-007, 
 83.40,   3.74E-008, 
 83.50,   4.92E-008, 
 83.60,   9.35E-008, 
 83.70,   2.68E-007, 
 83.80,   9.62E-007, 
 83.90,   1.33E-006, 
 84.00,   1.60E-006, 
 84.10,   1.65E-006, 
 84.20,   1.04E-006, 
 84.30,   2.99E-007, 
 84.40,   1.05E-008, 
 84.50,   3.19E-009, 
 84.60,   2.65E-009, 
 84.70,   3.12E-009, 
 84.80,   4.05E-009, 
 84.90,   5.39E-009, 
 85.00,   6.59E-009, 
 85.10,   7.06E-009, 
 85.20,   7.62E-009, 
 85.30,   8.23E-009, 
 85.40,   9.99E-009, 
 85.50,   1.39E-008, 
 85.60,   2.54E-008, 
 85.70,   7.71E-008, 
 85.80,   2.79E-007, 
 85.90,   3.79E-007, 
 86.00,   4.51E-007, 
 86.10,   4.62E-007, 
 86.20,   3.01E-007, 
 86.30,   9.91E-008, 
 86.40,   6.09E-009, 
 86.50,   1.78E-009, 
 86.60,   8.87E-010, 
 86.70,   4.78E-010, 
 86.80,   2.61E-010, 
 86.90,   7.39E-011, 
 87.00,   4.82E-011, 
 87.10,   2.96E-011, 
 87.20,  -8.35E-012, 
 87.30,  -2.12E-011, 
 87.40,  -3.60E-011, 
 87.50,  -3.66E-011, 
 87.60,  -3.34E-011, 
 87.70,  -5.14E-011, 
 87.80,  -5.01E-011, 
 87.90,  -4.88E-011, 
 88.00,  -3.79E-011, 
 88.10,   1.93E-012, 
 88.20,   2.12E-011, 
 88.30,   8.35E-012, 
 88.40,   3.15E-011, 
 88.50,   1.54E-011, 
 88.60,  -3.41E-011, 
 88.70,  -1.67E-011, 
 88.80,  -2.89E-011, 
 88.90,  -1.54E-011, 
 89.00,  -1.80E-011, 
 89.10,  -2.70E-011, 
 89.20,  -3.08E-011, 
 89.30,  -1.74E-011, 
 89.40,  -4.18E-011, 
 89.50,  -2.83E-011, 
 89.60,   1.03E-011, 
 89.70,  -2.70E-011, 
 89.80,  -2.63E-011, 
 89.90,  -3.15E-011, 
 90.00,  -4.37E-011, 
