Jan 01, 2004  02:51:53 AM
Residual Gas Analyzer Software 
Software Version, 3.214.004

Analog Scan Setup:

Data Points in Scan, 901 
Units, Torr 
Noise Floor, 0 
CEM Status, OFF 
Points Per AMU, 10
Scan Start Mass, 55, amu 
Scan Stop Mass, 145, amu
Focus Voltage, 90, Volts 
Ion Energy, HIGH 
Electron Energy, 70, eV 
CEM Voltage, 1000, Volts
CEM Gain, 1.00E+006 
Sensitivity Factor, 1.56E-004 
Filament Current, 1.00, mAmps


 55.00,   6.66E-010, 
 55.10,   7.02E-010, 
 55.20,   6.55E-010, 
 55.30,   4.37E-010, 
 55.40,   2.01E-010, 
 55.50,   1.03E-010, 
 55.60,   1.13E-010, 
 55.70,   2.92E-010, 
 55.80,   5.85E-010, 
 55.90,   9.65E-010, 
 56.00,   1.34E-009, 
 56.10,   1.55E-009, 
 56.20,   1.51E-009, 
 56.30,   1.01E-009, 
 56.40,   5.05E-010, 
 56.50,   2.26E-010, 
 56.60,   6.88E-011, 
 56.70,   2.12E-011, 
 56.80,   1.29E-011, 
 56.90,   4.11E-011, 
 57.00,   9.64E-011, 
 57.10,   1.50E-010, 
 57.20,   1.85E-010, 
 57.30,   9.45E-011, 
 57.40,   3.79E-011, 
 57.50,   2.51E-011, 
 57.60,   1.93E-011, 
 57.70,   4.31E-011, 
 57.80,   1.09E-010, 
 57.90,   1.59E-010, 
 58.00,   2.74E-010, 
 58.10,   2.97E-010, 
 58.20,   2.94E-010, 
 58.30,   2.04E-010, 
 58.40,   8.35E-011, 
 58.50,   5.21E-011, 
 58.60,   1.35E-011, 
 58.70,   5.78E-012, 
 58.80,   1.54E-011, 
 58.90,   2.57E-011, 
 59.00,   2.38E-011, 
 59.10,   3.08E-011, 
 59.20,   3.92E-011, 
 59.30,   1.86E-011, 
 59.40,   3.08E-011, 
 59.50,   2.76E-011, 
 59.60,   5.27E-011, 
 59.70,   5.14E-011, 
 59.80,   2.12E-011, 
 59.90,   2.76E-011, 
 60.00,   6.62E-011, 
 60.10,   7.01E-011, 
 60.20,   2.70E-011, 
 60.30,   4.63E-011, 
 60.40,   4.50E-011, 
 60.50,   5.59E-011, 
 60.60,   2.12E-011, 
 60.70,   3.53E-011, 
 60.80,   2.76E-011, 
 60.90,   6.56E-011, 
 61.00,   6.23E-011, 
 61.10,   7.33E-011, 
 61.20,   9.70E-011, 
 61.30,   9.32E-011, 
 61.40,   7.97E-011, 
 61.50,   1.84E-010, 
 61.60,   4.42E-010, 
 61.70,   1.40E-009, 
 61.80,   2.53E-009, 
 61.90,   3.65E-009, 
 62.00,   3.95E-009, 
 62.10,   3.49E-009, 
 62.20,   2.10E-009, 
 62.30,   9.95E-010, 
 62.40,   6.31E-010, 
 62.50,   5.91E-010, 
 62.60,   8.08E-010, 
 62.70,   1.82E-009, 
 62.80,   3.18E-009, 
 62.90,   4.90E-009, 
 63.00,   6.16E-009, 
 63.10,   7.05E-009, 
 63.20,   7.03E-009, 
 63.30,   8.59E-009, 
 63.40,   1.39E-008, 
 63.50,   2.10E-008, 
 63.60,   3.87E-008, 
 63.70,   7.96E-008, 
 63.80,   1.01E-007, 
 63.90,   1.36E-007, 
 64.00,   1.79E-007, 
 64.10,   3.52E-007, 
 64.20,   7.73E-007, 
 64.30,   9.78E-007, 
 64.40,   1.18E-006, 
 64.50,   1.10E-006, 
 64.60,   7.03E-007, 
 64.70,   2.78E-007, 
 64.80,   1.73E-007, 
 64.90,   2.22E-007, 
 65.00,   2.44E-007, 
 65.10,   3.29E-007, 
 65.20,   6.07E-007, 
 65.30,   7.93E-007, 
 65.40,   1.05E-006, 
 65.50,   1.03E-006, 
 65.60,   7.94E-007, 
 65.70,   7.90E-007, 
 65.80,   8.35E-007, 
 65.90,   1.05E-006, 
 66.00,   1.04E-006, 
 66.10,   6.64E-007, 
 66.20,   1.83E-007, 
 66.30,   1.66E-008, 
 66.40,   1.68E-008, 
 66.50,   3.02E-008, 
 66.60,   9.46E-008, 
 66.70,   2.66E-007, 
 66.80,   3.45E-007, 
 66.90,   4.26E-007, 
 67.00,   4.04E-007, 
 67.10,   2.52E-007, 
 67.20,   7.37E-008, 
 67.30,   1.16E-008, 
 67.40,   1.31E-008, 
 67.50,   2.42E-008, 
 67.60,   7.75E-008, 
 67.70,   2.29E-007, 
 67.80,   2.96E-007, 
 67.90,   3.56E-007, 
 68.00,   3.34E-007, 
 68.10,   2.09E-007, 
 68.20,   6.58E-008, 
 68.30,   5.38E-009, 
 68.40,   1.79E-009, 
 68.50,   9.05E-010, 
 68.60,   4.78E-010, 
 68.70,   2.99E-010, 
 68.80,   2.62E-010, 
 68.90,   2.86E-010, 
 69.00,   3.20E-010, 
 69.10,   3.41E-010, 
 69.20,   3.14E-010, 
 69.30,   2.01E-010, 
 69.40,   7.07E-011, 
 69.50,   8.16E-011, 
 69.60,   3.66E-011, 
 69.70,   1.29E-012, 
 69.80,   5.78E-012, 
 69.90,   3.86E-011, 
 70.00,   7.26E-011, 
 70.10,   4.56E-011, 
 70.20,   2.51E-011, 
 70.30,   2.25E-011, 
 70.40,   4.05E-011, 
 70.50,   6.36E-011, 
 70.60,   7.71E-012, 
 70.70,   7.71E-012, 
 70.80,  -1.54E-011, 
 70.90,  -5.14E-012, 
 71.00,  -1.48E-011, 
 71.10,  -7.71E-012, 
 71.20,  -3.41E-011, 
 71.30,   1.16E-011, 
 71.40,  -3.21E-012, 
 71.50,   5.14E-012, 
 71.60,  -9.00E-012, 
 71.70,  -2.19E-011, 
 71.80,  -1.80E-011, 
 71.90,  -1.86E-011, 
 72.00,   7.07E-012, 
 72.10,   1.48E-011, 
 72.20,   1.29E-011, 
 72.30,   0.00E+000, 
 72.40,   7.07E-012, 
 72.50,  -1.35E-011, 
 72.60,   7.71E-012, 
 72.70,   1.29E-012, 
 72.80,   2.44E-011, 
 72.90,   3.08E-011, 
 73.00,   6.56E-011, 
 73.10,   3.47E-011, 
 73.20,   2.76E-011, 
 73.30,   1.29E-011, 
 73.40,  -1.09E-011, 
 73.50,  -1.67E-011, 
 73.60,  -9.64E-012, 
 73.70,  -3.86E-012, 
 73.80,   3.47E-011, 
 73.90,   2.89E-011, 
 74.00,   1.41E-011, 
 74.10,   1.93E-011, 
 74.20,   2.38E-011, 
 74.30,  -3.21E-012, 
 74.40,  -1.29E-011, 
 74.50,  -3.86E-012, 
 74.60,  -6.43E-013, 
 74.70,   7.07E-012, 
 74.80,  -2.63E-011, 
 74.90,  -1.93E-012, 
 75.00,  -1.61E-011, 
 75.10,   1.29E-012, 
 75.20,   2.31E-011, 
 75.30,  -1.48E-011, 
 75.40,   1.86E-011, 
 75.50,   3.21E-012, 
 75.60,  -3.66E-011, 
 75.70,  -1.61E-011, 
 75.80,   0.00E+000, 
 75.90,  -1.35E-011, 
 76.00,   2.57E-012, 
 76.10,   1.93E-012, 
 76.20,   4.69E-011, 
 76.30,   5.98E-011, 
 76.40,   2.57E-011, 
 76.50,  -1.29E-011, 
 76.60,  -3.21E-012, 
 76.70,   1.67E-011, 
 76.80,   2.31E-011, 
 76.90,   3.86E-011, 
 77.00,   6.36E-011, 
 77.10,   5.14E-011, 
 77.20,   6.04E-011, 
 77.30,   3.66E-011, 
 77.40,   2.38E-011, 
 77.50,   3.47E-011, 
 77.60,   3.86E-011, 
 77.70,   3.21E-011, 
 77.80,   6.56E-011, 
 77.90,   4.50E-011, 
 78.00,   8.61E-011, 
 78.10,   1.18E-010, 
 78.20,   1.74E-010, 
 78.30,   1.73E-010, 
 78.40,   5.66E-011, 
 78.50,   5.14E-011, 
 78.60,   1.35E-011, 
 78.70,   1.54E-011, 
 78.80,   3.08E-011, 
 78.90,   5.27E-011, 
 79.00,   5.59E-011, 
 79.10,   9.00E-011, 
 79.20,   8.68E-011, 
 79.30,   6.30E-011, 
 79.40,   3.47E-011, 
 79.50,   9.00E-012, 
 79.60,   1.61E-011, 
 79.70,   5.14E-012, 
 79.80,   1.16E-011, 
 79.90,   4.69E-011, 
 80.00,   6.11E-011, 
 80.10,   2.38E-011, 
 80.20,   2.96E-011, 
 80.30,  -7.07E-012, 
 80.40,  -5.14E-012, 
 80.50,   1.93E-011, 
 80.60,   2.76E-011, 
 80.70,   4.56E-011, 
 80.80,   4.76E-011, 
 80.90,   3.21E-011, 
 81.00,   6.62E-011, 
 81.10,   9.06E-011, 
 81.20,   8.68E-011, 
 81.30,   4.63E-011, 
 81.40,   4.11E-011, 
 81.50,   1.99E-011, 
 81.60,   3.86E-011, 
 81.70,   1.00E-010, 
 81.80,   1.92E-010, 
 81.90,   3.12E-010, 
 82.00,   3.04E-010, 
 82.10,   2.60E-010, 
 82.20,   1.22E-010, 
 82.30,   7.78E-011, 
 82.40,   6.43E-011, 
 82.50,   3.60E-011, 
 82.60,   5.46E-011, 
 82.70,   8.55E-011, 
 82.80,   1.24E-010, 
 82.90,   2.63E-010, 
 83.00,   2.67E-010, 
 83.10,   2.53E-010, 
 83.20,   1.58E-010, 
 83.30,   1.18E-010, 
 83.40,   6.81E-011, 
 83.50,   8.16E-011, 
 83.60,   2.07E-010, 
 83.70,   3.99E-010, 
 83.80,   6.43E-010, 
 83.90,   1.05E-009, 
 84.00,   1.41E-009, 
 84.10,   1.40E-009, 
 84.20,   1.04E-009, 
 84.30,   6.43E-010, 
 84.40,   3.68E-010, 
 84.50,   1.73E-010, 
 84.60,   9.51E-011, 
 84.70,   4.50E-011, 
 84.80,   2.25E-011, 
 84.90,   2.57E-012, 
 85.00,   4.63E-011, 
 85.10,   5.01E-011, 
 85.20,   1.99E-011, 
 85.30,  -3.86E-012, 
 85.40,   4.50E-012, 
 85.50,   6.43E-013, 
 85.60,   2.57E-011, 
 85.70,   8.48E-011, 
 85.80,   2.00E-010, 
 85.90,   2.87E-010, 
 86.00,   3.19E-010, 
 86.10,   2.98E-010, 
 86.20,   1.61E-010, 
 86.30,   4.63E-011, 
 86.40,   3.98E-011, 
 86.50,   4.18E-011, 
 86.60,   3.86E-012, 
 86.70,  -9.64E-012, 
 86.80,   4.50E-012, 
 86.90,   3.86E-012, 
 87.00,   1.16E-011, 
 87.10,   3.47E-011, 
 87.20,   2.70E-011, 
 87.30,   2.19E-011, 
 87.40,   1.93E-012, 
 87.50,  -3.21E-012, 
 87.60,  -3.86E-012, 
 87.70,  -1.09E-011, 
 87.80,   1.74E-011, 
 87.90,   1.80E-011, 
 88.00,   3.86E-012, 
 88.10,   5.40E-011, 
 88.20,   7.71E-011, 
 88.30,   7.71E-011, 
 88.40,   4.56E-011, 
 88.50,  -7.71E-012, 
 88.60,   1.93E-012, 
 88.70,   4.05E-011, 
 88.80,   1.35E-011, 
 88.90,   1.54E-011, 
 89.00,   2.31E-011, 
 89.10,   1.93E-012, 
 89.20,  -7.07E-012, 
 89.30,  -1.93E-012, 
 89.40,   0.00E+000, 
 89.50,   0.00E+000, 
 89.60,   2.06E-011, 
 89.70,  -7.07E-012, 
 89.80,   2.19E-011, 
 89.90,   5.14E-011, 
 90.00,   3.60E-011, 
 90.10,   4.95E-011, 
 90.20,   3.02E-011, 
 90.30,   4.63E-011, 
 90.40,   1.03E-011, 
 90.50,  -3.21E-012, 
 90.60,  -2.12E-011, 
 90.70,  -5.14E-011, 
 90.80,  -4.24E-011, 
 90.90,  -1.93E-011, 
 91.00,   7.71E-012, 
 91.10,   4.56E-011, 
 91.20,   2.96E-011, 
 91.30,   4.50E-012, 
 91.40,  -3.34E-011, 
 91.50,  -2.76E-011, 
 91.60,  -6.43E-012, 
 91.70,  -6.43E-012, 
 91.80,  -5.78E-011, 
 91.90,  -4.11E-011, 
 92.00,  -3.79E-011, 
 92.10,  -1.35E-011, 
 92.20,   3.21E-012, 
 92.30,   2.57E-012, 
 92.40,  -1.41E-011, 
 92.50,  -2.83E-011, 
 92.60,  -5.21E-011, 
 92.70,  -3.66E-011, 
 92.80,  -2.76E-011, 
 92.90,  -9.64E-012, 
 93.00,   1.09E-011, 
 93.10,   1.74E-011, 
 93.20,  -2.57E-011, 
 93.30,  -1.61E-011, 
 93.40,  -1.48E-011, 
 93.50,  -1.48E-011, 
 93.60,   1.03E-011, 
 93.70,   1.74E-011, 
 93.80,  -1.29E-012, 
 93.90,  -9.64E-012, 
 94.00,   1.80E-011, 
 94.10,  -3.86E-012, 
 94.20,   2.76E-011, 
 94.30,   3.53E-011, 
 94.40,  -6.43E-012, 
 94.50,  -2.57E-011, 
 94.60,  -4.50E-012, 
 94.70,  -1.99E-011, 
 94.80,  -5.85E-011, 
 94.90,  -3.47E-011, 
 95.00,  -1.86E-011, 
 95.10,  -1.61E-011, 
 95.20,  -1.35E-011, 
 95.30,  -1.99E-011, 
 95.40,  -9.00E-012, 
 95.50,   2.57E-012, 
 95.60,   8.35E-012, 
 95.70,  -5.14E-012, 
 95.80,   2.96E-011, 
 95.90,   3.98E-011, 
 96.00,   2.76E-011, 
 96.10,   1.41E-011, 
 96.20,  -7.71E-012, 
 96.30,   9.64E-012, 
 96.40,   2.70E-011, 
 96.50,   4.31E-011, 
 96.60,   5.53E-011, 
 96.70,   6.30E-011, 
 96.80,   4.69E-011, 
 96.90,   2.96E-011, 
 97.00,   1.74E-011, 
 97.10,  -3.86E-012, 
 97.20,  -4.50E-012, 
 97.30,   1.48E-011, 
 97.40,   2.57E-012, 
 97.50,  -2.19E-011, 
 97.60,  -1.16E-011, 
 97.70,   2.19E-011, 
 97.80,   5.98E-011, 
 97.90,   4.63E-011, 
 98.00,   2.70E-011, 
 98.10,   2.38E-011, 
 98.20,   3.60E-011, 
 98.30,   3.41E-011, 
 98.40,   2.44E-011, 
 98.50,   1.16E-011, 
 98.60,   3.53E-011, 
 98.70,   2.83E-011, 
 98.80,   3.08E-011, 
 98.90,   3.15E-011, 
 99.00,   9.00E-012, 
 99.10,   2.25E-011, 
 99.20,   1.41E-011, 
 99.30,   2.38E-011, 
 99.40,   9.00E-012, 
 99.50,  -1.35E-011, 
 99.60,   1.29E-012, 
 99.70,   7.71E-012, 
 99.80,   6.43E-012, 
 99.90,   3.21E-012, 
 100.00,   5.14E-012, 
 100.10,   2.38E-011, 
 100.20,   2.96E-011, 
 100.30,   2.76E-011, 
 100.40,  -9.00E-012, 
 100.50,  -6.43E-012, 
 100.60,   1.67E-011, 
 100.70,   9.00E-012, 
 100.80,  -9.00E-012, 
 100.90,  -4.50E-012, 
 101.00,  -6.43E-013, 
 101.10,  -1.48E-011, 
 101.20,   4.50E-012, 
 101.30,   1.22E-011, 
 101.40,  -1.16E-011, 
 101.50,   3.47E-011, 
 101.60,   7.07E-012, 
 101.70,   2.38E-011, 
 101.80,   3.66E-011, 
 101.90,   2.76E-011, 
 102.00,   1.29E-011, 
 102.10,   7.71E-012, 
 102.20,   9.00E-012, 
 102.30,  -1.29E-011, 
 102.40,  -1.54E-011, 
 102.50,  -1.29E-012, 
 102.60,   1.74E-011, 
 102.70,  -2.57E-012, 
 102.80,  -1.48E-011, 
 102.90,  -5.14E-011, 
 103.00,  -4.37E-011, 
 103.10,  -9.64E-012, 
 103.20,   1.16E-011, 
 103.30,   3.73E-011, 
 103.40,   4.24E-011, 
 103.50,   2.38E-011, 
 103.60,  -4.95E-011, 
 103.70,  -1.86E-011, 
 103.80,  -2.76E-011, 
 103.90,  -3.92E-011, 
 104.00,  -1.03E-011, 
 104.10,   5.14E-012, 
 104.20,   0.00E+000, 
 104.30,   6.43E-012, 
 104.40,   2.57E-012, 
 104.50,   1.93E-012, 
 104.60,   8.35E-012, 
 104.70,  -7.07E-012, 
 104.80,   1.29E-012, 
 104.90,  -8.35E-012, 
 105.00,   1.29E-011, 
 105.10,   2.76E-011, 
 105.20,   6.43E-012, 
 105.30,   3.47E-011, 
 105.40,   2.83E-011, 
 105.50,   2.89E-011, 
 105.60,   6.43E-012, 
 105.70,   9.64E-012, 
 105.80,  -1.54E-011, 
 105.90,  -1.74E-011, 
 106.00,  -1.03E-011, 
 106.10,  -1.48E-011, 
 106.20,   1.61E-011, 
 106.30,   1.48E-011, 
 106.40,   1.93E-011, 
 106.50,   2.31E-011, 
 106.60,  -2.25E-011, 
 106.70,   7.71E-012, 
 106.80,   5.14E-012, 
 106.90,  -5.14E-012, 
 107.00,   3.21E-012, 
 107.10,  -6.43E-013, 
 107.20,   7.07E-012, 
 107.30,   4.50E-012, 
 107.40,   9.00E-012, 
 107.50,  -2.89E-011, 
 107.60,   9.00E-012, 
 107.70,   1.09E-011, 
 107.80,  -1.74E-011, 
 107.90,  -1.22E-011, 
 108.00,   3.21E-012, 
 108.10,   6.43E-012, 
 108.20,   1.48E-011, 
 108.30,   1.86E-011, 
 108.40,   4.24E-011, 
 108.50,   2.83E-011, 
 108.60,   2.31E-011, 
 108.70,   1.09E-011, 
 108.80,   6.43E-013, 
 108.90,   1.86E-011, 
 109.00,  -2.57E-012, 
 109.10,  -2.83E-011, 
 109.20,  -2.06E-011, 
 109.30,  -1.29E-012, 
 109.40,   1.54E-011, 
 109.50,  -2.38E-011, 
 109.60,  -5.14E-012, 
 109.70,   1.93E-012, 
 109.80,  -3.21E-012, 
 109.90,   3.15E-011, 
 110.00,   4.43E-011, 
 110.10,   3.60E-011, 
 110.20,   4.50E-011, 
 110.30,   2.25E-011, 
 110.40,   1.86E-011, 
 110.50,   6.04E-011, 
 110.60,   4.05E-011, 
 110.70,   9.00E-012, 
 110.80,  -9.64E-012, 
 110.90,   5.78E-012, 
 111.00,   3.21E-011, 
 111.10,   2.63E-011, 
 111.20,   1.93E-012, 
 111.30,  -1.74E-011, 
 111.40,  -6.43E-012, 
 111.50,  -3.34E-011, 
 111.60,  -3.41E-011, 
 111.70,  -4.88E-011, 
 111.80,  -3.98E-011, 
 111.90,  -4.50E-011, 
 112.00,  -3.86E-012, 
 112.10,   4.50E-012, 
 112.20,   2.06E-011, 
 112.30,  -1.35E-011, 
 112.40,   1.09E-011, 
 112.50,  -3.21E-012, 
 112.60,   3.86E-012, 
 112.70,   4.50E-012, 
 112.80,   2.25E-011, 
 112.90,   2.57E-011, 
 113.00,   4.95E-011, 
 113.10,   4.50E-012, 
 113.20,   2.83E-011, 
 113.30,   3.41E-011, 
 113.40,   1.35E-011, 
 113.50,  -1.67E-011, 
 113.60,  -1.22E-011, 
 113.70,  -2.12E-011, 
 113.80,   3.02E-011, 
 113.90,   5.08E-011, 
 114.00,   4.37E-011, 
 114.10,   4.18E-011, 
 114.20,  -1.54E-011, 
 114.30,  -1.22E-011, 
 114.40,  -1.61E-011, 
 114.50,  -6.43E-012, 
 114.60,  -1.16E-011, 
 114.70,  -1.22E-011, 
 114.80,  -1.22E-011, 
 114.90,   1.41E-011, 
 115.00,  -2.38E-011, 
 115.10,   1.48E-011, 
 115.20,   3.53E-011, 
 115.30,   2.89E-011, 
 115.40,  -3.02E-011, 
 115.50,  -2.63E-011, 
 115.60,  -1.99E-011, 
 115.70,  -1.22E-011, 
 115.80,  -3.08E-011, 
 115.90,  -3.21E-011, 
 116.00,   3.21E-012, 
 116.10,   3.15E-011, 
 116.20,   8.35E-012, 
 116.30,   7.07E-012, 
 116.40,   2.19E-011, 
 116.50,   1.48E-011, 
 116.60,   1.74E-011, 
 116.70,   2.83E-011, 
 116.80,   5.40E-011, 
 116.90,   1.67E-011, 
 117.00,  -5.14E-012, 
 117.10,  -3.86E-012, 
 117.20,  -6.43E-013, 
 117.30,  -2.76E-011, 
 117.40,  -3.86E-012, 
 117.50,  -9.64E-012, 
 117.60,   8.35E-012, 
 117.70,  -1.54E-011, 
 117.80,  -1.99E-011, 
 117.90,  -2.06E-011, 
 118.00,  -2.89E-011, 
 118.10,  -6.17E-011, 
 118.20,  -6.23E-011, 
 118.30,  -3.21E-012, 
 118.40,   7.71E-012, 
 118.50,  -2.06E-011, 
 118.60,  -2.38E-011, 
 118.70,  -2.76E-011, 
 118.80,  -3.28E-011, 
 118.90,  -2.89E-011, 
 119.00,  -1.48E-011, 
 119.10,  -1.93E-012, 
 119.20,  -9.00E-012, 
 119.30,   2.57E-012, 
 119.40,   5.78E-012, 
 119.50,   1.29E-011, 
 119.60,   2.44E-011, 
 119.70,   2.96E-011, 
 119.80,   6.36E-011, 
 119.90,   5.27E-011, 
 120.00,   4.88E-011, 
 120.10,   2.38E-011, 
 120.20,   4.82E-011, 
 120.30,   3.34E-011, 
 120.40,   1.61E-011, 
 120.50,   1.22E-011, 
 120.60,   1.16E-011, 
 120.70,   1.22E-011, 
 120.80,   2.57E-012, 
 120.90,  -1.09E-011, 
 121.00,   9.00E-012, 
 121.10,  -3.21E-011, 
 121.20,  -1.35E-011, 
 121.30,   5.14E-012, 
 121.40,  -1.54E-011, 
 121.50,  -8.35E-012, 
 121.60,  -2.12E-011, 
 121.70,  -8.35E-012, 
 121.80,  -5.14E-012, 
 121.90,  -1.35E-011, 
 122.00,  -8.35E-012, 
 122.10,   1.29E-012, 
 122.20,   2.70E-011, 
 122.30,   1.22E-011, 
 122.40,   2.89E-011, 
 122.50,   5.46E-011, 
 122.60,   4.24E-011, 
 122.70,  -3.86E-012, 
 122.80,   0.00E+000, 
 122.90,   1.48E-011, 
 123.00,   4.11E-011, 
 123.10,   4.43E-011, 
 123.20,   7.13E-011, 
 123.30,   9.00E-011, 
 123.40,   7.58E-011, 
 123.50,   8.68E-011, 
 123.60,   1.92E-010, 
 123.70,   3.23E-010, 
 123.80,   7.01E-010, 
 123.90,   1.80E-009, 
 124.00,   2.72E-009, 
 124.10,   2.80E-009, 
 124.20,   1.78E-009, 
 124.30,   8.12E-010, 
 124.40,   4.24E-010, 
 124.50,   2.29E-010, 
 124.60,   9.64E-011, 
 124.70,   6.36E-011, 
 124.80,   9.38E-011, 
 124.90,   4.05E-011, 
 125.00,   2.51E-011, 
 125.10,   5.78E-011, 
 125.20,   5.91E-011, 
 125.30,   6.81E-011, 
 125.40,   7.26E-011, 
 125.50,   1.28E-010, 
 125.60,   2.63E-010, 
 125.70,   3.25E-010, 
 125.80,   7.71E-010, 
 125.90,   1.85E-009, 
 126.00,   2.78E-009, 
 126.10,   2.89E-009, 
 126.20,   2.12E-009, 
 126.30,   1.30E-009, 
 126.40,   1.05E-009, 
 126.50,   1.16E-009, 
 126.60,   1.62E-009, 
 126.70,   2.23E-009, 
 126.80,   3.14E-009, 
 126.90,   4.37E-009, 
 127.00,   6.15E-009, 
 127.10,   7.56E-009, 
 127.20,   8.53E-009, 
 127.30,   9.24E-009, 
 127.40,   9.47E-009, 
 127.50,   9.95E-009, 
 127.60,   1.09E-008, 
 127.70,   1.39E-008, 
 127.80,   3.03E-008, 
 127.90,   5.67E-008, 
 128.00,   6.24E-008, 
 128.10,   5.08E-008, 
 128.20,   2.45E-008, 
 128.30,   1.22E-008, 
 128.40,   1.37E-008, 
 128.50,   1.90E-008, 
 128.60,   3.41E-008, 
 128.70,   7.66E-008, 
 128.80,   2.63E-007, 
 128.90,   6.15E-007, 
 129.00,   6.91E-007, 
 129.10,   5.37E-007, 
 129.20,   1.53E-007, 
 129.30,   1.54E-008, 
 129.40,   9.28E-009, 
 129.50,   9.87E-009, 
 129.60,   1.20E-008, 
 129.70,   1.82E-008, 
 129.80,   4.82E-008, 
 129.90,   1.03E-007, 
 130.00,   1.19E-007, 
 130.10,   9.91E-008, 
 130.20,   4.13E-008, 
 130.30,   1.75E-008, 
 130.40,   1.76E-008, 
 130.50,   2.06E-008, 
 130.60,   2.98E-008, 
 130.70,   5.47E-008, 
 130.80,   1.81E-007, 
 130.90,   4.13E-007, 
 131.00,   4.85E-007, 
 131.10,   3.92E-007, 
 131.20,   1.21E-007, 
 131.30,   1.43E-008, 
 131.40,   1.10E-008, 
 131.50,   1.44E-008, 
 131.60,   2.67E-008, 
 131.70,   5.75E-008, 
 131.80,   2.08E-007, 
 131.90,   4.76E-007, 
 132.00,   5.81E-007, 
 132.10,   4.52E-007, 
 132.20,   1.16E-007, 
 132.30,   9.66E-009, 
 132.40,   4.13E-009, 
 132.50,   3.32E-009, 
 132.60,   2.99E-009, 
 132.70,   2.84E-009, 
 132.80,   2.71E-009, 
 132.90,   2.63E-009, 
 133.00,   2.58E-009, 
 133.10,   2.67E-009, 
 133.20,   2.76E-009, 
 133.30,   3.05E-009, 
 133.40,   3.59E-009, 
 133.50,   4.72E-009, 
 133.60,   8.45E-009, 
 133.70,   1.91E-008, 
 133.80,   6.45E-008, 
 133.90,   1.67E-007, 
 134.00,   2.11E-007, 
 134.10,   1.79E-007, 
 134.20,   5.27E-008, 
 134.30,   6.54E-009, 
 134.40,   3.27E-009, 
 134.50,   2.59E-009, 
 134.60,   2.32E-009, 
 134.70,   2.22E-009, 
 134.80,   2.23E-009, 
 134.90,   2.15E-009, 
 135.00,   2.08E-009, 
 135.10,   2.08E-009, 
 135.20,   2.15E-009, 
 135.30,   2.31E-009, 
 135.40,   2.67E-009, 
 135.50,   3.42E-009, 
 135.60,   5.99E-009, 
 135.70,   1.35E-008, 
 135.80,   3.54E-008, 
 135.90,   1.10E-007, 
 136.00,   1.56E-007, 
 136.10,   1.43E-007, 
 136.20,   5.24E-008, 
 136.30,   5.42E-009, 
 136.40,   1.67E-009, 
 136.50,   7.90E-010, 
 136.60,   4.78E-010, 
 136.70,   3.16E-010, 
 136.80,   1.97E-010, 
 136.90,   9.38E-011, 
 137.00,   9.25E-011, 
 137.10,   9.70E-011, 
 137.20,   8.16E-011, 
 137.30,   4.82E-011, 
 137.40,   6.88E-011, 
 137.50,   7.90E-011, 
 137.60,   6.56E-011, 
 137.70,   5.14E-011, 
 137.80,   2.12E-011, 
 137.90,   2.19E-011, 
 138.00,   3.02E-011, 
 138.10,   7.65E-011, 
 138.20,   7.33E-011, 
 138.30,   5.53E-011, 
 138.40,   7.90E-011, 
 138.50,   6.30E-011, 
 138.60,   7.13E-011, 
 138.70,   5.01E-011, 
 138.80,   2.83E-011, 
 138.90,  -6.43E-012, 
 139.00,   1.29E-011, 
 139.10,   5.21E-011, 
 139.20,   6.88E-011, 
 139.30,   9.45E-011, 
 139.40,   5.85E-011, 
 139.50,   3.79E-011, 
 139.60,   3.15E-011, 
 139.70,   1.74E-011, 
 139.80,   2.89E-011, 
 139.90,   3.92E-011, 
 140.00,   3.41E-011, 
 140.10,   4.95E-011, 
 140.20,   4.95E-011, 
 140.30,   6.81E-011, 
 140.40,   8.03E-011, 
 140.50,   5.08E-011, 
 140.60,   4.82E-011, 
 140.70,   2.31E-011, 
 140.80,  -5.78E-012, 
 140.90,  -2.57E-012, 
 141.00,   5.14E-012, 
 141.10,   3.41E-011, 
 141.20,   4.31E-011, 
 141.30,   3.79E-011, 
 141.40,   3.21E-012, 
 141.50,   7.71E-012, 
 141.60,   7.71E-012, 
 141.70,  -3.15E-011, 
 141.80,  -3.08E-011, 
 141.90,  -5.14E-012, 
 142.00,  -1.03E-011, 
 142.10,  -5.14E-012, 
 142.20,   1.48E-011, 
 142.30,   1.80E-011, 
 142.40,   7.07E-012, 
 142.50,  -1.35E-011, 
 142.60,  -4.50E-012, 
 142.70,  -6.43E-012, 
 142.80,  -2.51E-011, 
 142.90,  -9.00E-012, 
 143.00,  -1.29E-012, 
 143.10,  -8.35E-012, 
 143.20,   6.43E-013, 
 143.30,   1.93E-012, 
 143.40,  -6.43E-013, 
 143.50,  -2.89E-011, 
 143.60,  -1.61E-011, 
 143.70,  -7.71E-012, 
 143.80,   8.35E-012, 
 143.90,   2.25E-011, 
 144.00,   3.53E-011, 
 144.10,   1.29E-012, 
 144.20,  -1.80E-011, 
 144.30,   0.00E+000, 
 144.40,  -3.86E-012, 
 144.50,  -9.64E-012, 
 144.60,  -3.86E-012, 
 144.70,   3.92E-011, 
 144.80,   3.73E-011, 
 144.90,   3.47E-011, 
 145.00,  -2.25E-011, 
